0 1 1 0 0 0 0 0 0 0 0 0 0 1 1 0.578947 0
0.1 1 1 0.1 0.1 0.0583158 0.01 0.1 0.1 0.005 0.005 0.00290526 0.000333333 1 1 0.591579 0.2
0.2 1 1 0.2 0.2 0.119158 0.04 0.2 0.2 0.02 0.02 0.0117474 0.00266667 1 1 0.629474 0.4
0.3 1 1 0.3 0.3 0.185053 0.09 0.3 0.3 0.045 0.045 0.0269053 0.009 1 1 0.692632 0.6
0.4 1 1 0.4 0.4 0.258526 0.16 0.4 0.4 0.08 0.08 0.0490105 0.0213333 1 1 0.781053 0.8
0.5 1 1 0.5 0.5 0.342105 0.25 0.5 0.5 0.125 0.125 0.0789474 0.0416667 1 1 0.894737 1
0.6 1 1 0.6 0.6 0.438316 0.36 0.6 0.6 0.18 0.18 0.117853 0.072 1 1 1.03368 1.2
0.7 1 1 0.7 0.7 0.549684 0.49 0.7 0.7 0.245 0.245 0.167116 0.114333 1 1 1.19789 1.4
0.8 1 1 0.8 0.8 0.678737 0.64 0.8 0.8 0.32 0.32 0.228379 0.170667 1 1 1.38737 1.6
0.9 1 1 0.9 0.9 0.828 0.81 0.9 0.9 0.405 0.405 0.303537 0.243 1 1 1.60211 1.8
1 1 1 1 1 1 1 1 1 0.5 0.5 0.394737 0.333333 1 1 1.84211 2
1.1 1 1 1.1 1.1 1.19674 1.21 1.1 1.1 0.605 0.605 0.504366 0.443667 1 1 2.09158 2.2
1.2 1 1 1.2 1.2 1.41811 1.44 1.2 1.2 0.72 0.72 0.634905 0.576 1 1 2.33474 2.4
1.3 1 1 1.3 1.3 1.66347 1.69 1.3 1.3 0.845 0.845 0.788787 0.732333 1 1 2.57158 2.6
1.4 1 1 1.4 1.4 1.93221 1.96 1.4 1.4 0.98 0.98 0.968379 0.914667 1 1 2.80211 2.8
1.5 1 1 1.5 1.5 2.22368 2.25 1.5 1.5 1.125 1.125 1.17599 1.125 1 1 3.02632 3
1.6 1 1 1.6 1.6 2.53726 2.56 1.6 1.6 1.28 1.28 1.41385 1.36533 1 1 3.24421 3.2
1.7 1 1 1.7 1.7 2.87232 2.89 1.7 1.7 1.445 1.445 1.68416 1.63767 1 1 3.45579 3.4
1.8 1 1 1.8 1.8 3.22821 3.24 1.8 1.8 1.62 1.62 1.98901 1.944 1 1 3.66105 3.6
1.9 1 1 1.9 1.9 3.60432 3.61 1.9 1.9 1.805 1.805 2.33047 2.28633 1 1 3.86 3.8
2 1 1 2 2 4 4 2 2 2 2 2.71053 2.66667 1 1 4.05263 4
2.1 1 1 2.1 2.1 4.41474 4.41 2.1 2.1 2.205 2.205 3.13111 3.087 1 1 4.24211 4.2
2.2 1 1 2.2 2.2 4.84842 4.84 2.2 2.2 2.42 2.42 3.59411 3.54933 1 1 4.43158 4.4
2.3 1 1 2.3 2.3 5.30105 5.29 2.3 2.3 2.645 2.645 4.10142 4.05567 1 1 4.62105 4.6
2.4 1 1 2.4 2.4 5.77263 5.76 2.4 2.4 2.88 2.88 4.65495 4.608 1 1 4.81053 4.8
2.5 1 1 2.5 2.5 6.26316 6.25 2.5 2.5 3.125 3.125 5.25658 5.20833 1 1 5 5
2.6 1 1 2.6 2.6 6.77263 6.76 2.6 2.6 3.38 3.38 5.90821 5.85867 1 1 5.18947 5.2
2.7 1 1 2.7 2.7 7.30105 7.29 2.7 2.7 3.645 3.645 6.61174 6.561 1 1 5.37895 5.4
2.8 1 1 2.8 2.8 7.84842 7.84 2.8 2.8 3.92 3.92 7.36905 7.31733 1 1 5.56842 5.6
2.9 1 1 2.9 2.9 8.41474 8.41 2.9 2.9 4.205 4.205 8.18205 8.12967 1 1 5.75789 5.8
3 1 1 3 3 9 9 3 3 4.5 4.5 9.05263 9 1 1 5.94737 6
3.1 1 1 3.1 3.1 9.60432 9.61 3.1 3.1 4.805 4.805 9.98269 9.93033 1 1 6.14 6.2
3.2 1 1 3.2 3.2 10.2282 10.24 3.2 3.2 5.12 5.12 10.9741 10.9227 1 1 6.33895 6.4
3.3 1 1 3.3 3.3 10.8723 10.89 3.3 3.3 5.445 5.445 12.029 11.979 1 1 6.54421 6.6
3.4 1 1 3.4 3.4 11.5373 11.56 3.4 3.4 5.78 5.78 13.1493 13.1013 1 1 6.75579 6.8
3.5 1 1 3.5 3.5 12.2237 12.25 3.5 3.5 6.125 6.125 14.3372 14.2917 1 1 6.97368 7
3.6 1 1 3.6 3.6 12.9322 12.96 3.6 3.6 6.48 6.48 15.5948 15.552 1 1 7.19789 7.2
3.7 1 1 3.7 3.7 13.6635 13.69 3.7 3.7 6.845 6.845 16.9244 16.8843 1 1 7.42842 7.4
3.8 1 1 3.8 3.8 14.4181 14.44 3.8 3.8 7.22 7.22 18.3283 18.2907 1 1 7.66526 7.6
3.9 1 1 3.9 3.9 15.1967 15.21 3.9 3.9 7.605 7.605 19.8088 19.773 1 1 7.90842 7.8
4 1 1 4 4 16 16 4 4 8 8 21.3684 21.3333 1 1 8.15789 8
4.1 1 1 4.1 4.1 16.828 16.81 4.1 4.1 8.405 8.405 23.0096 22.9737 1 1 8.39789 8.2
4.2 1 1 4.2 4.2 17.6787 17.64 4.2 4.2 8.82 8.82 24.7348 24.696 1 1 8.61263 8.4
4.3 1 1 4.3 4.3 18.5497 18.49 4.3 4.3 9.245 9.245 26.546 26.5023 1 1 8.80211 8.6
4.4 1 1 4.4 4.4 19.4383 19.36 4.4 4.4 9.68 9.68 28.4453 28.3947 1 1 8.96632 8.8
4.5 1 1 4.5 4.5 20.3421 20.25 4.5 4.5 10.125 10.125 30.4342 30.375 1 1 9.10526 9
4.6 1 1 4.6 4.6 21.2585 21.16 4.6 4.6 10.58 10.58 32.5141 32.4453 1 1 9.21895 9.2
4.7 1 1 4.7 4.7 22.1851 22.09 4.7 4.7 11.045 11.045 34.6863 34.6077 1 1 9.30737 9.4
4.8 1 1 4.8 4.8 23.1192 23.04 4.8 4.8 11.52 11.52 36.9514 36.864 1 1 9.37053 9.6
4.9 1 1 4.9 4.9 24.0583 24.01 4.9 4.9 12.005 12.005 39.3103 39.2163 1 1 9.40842 9.8
5 1 1 5 5 25 25 5 5 12.5 12.5 41.7632 41.6667 1 1 9.42105 10

