0 1 1 0 0 
0.1 0.975517 0.995004 0.0987758 0.0998334 
0.2 0.951033 0.980067 0.195103 0.198669 
0.3 0.92655 0.955336 0.288982 0.29552 
0.4 0.902066 0.921061 0.380413 0.389418 
0.5 0.877583 0.877583 0.469396 0.479426 
0.6 0.810127 0.825336 0.553781 0.564642 
0.7 0.74267 0.764842 0.631421 0.644218 
0.8 0.675214 0.696707 0.702315 0.717356 
0.9 0.607758 0.62161 0.766464 0.783327 
1 0.540302 0.540302 0.823867 0.841471 
1.1 0.446389 0.453596 0.873201 0.891207 
1.2 0.352476 0.362358 0.913145 0.932039 
1.3 0.258563 0.267499 0.943697 0.963558 
1.4 0.16465 0.169967 0.964857 0.98545 
1.5 0.0707372 0.0707372 0.976627 0.997495 
1.6 -0.0266396 -0.0291995 0.978832 0.999574 
1.7 -0.124016 -0.128844 0.971299 0.991665 
1.8 -0.221393 -0.227202 0.954028 0.973848 
1.9 -0.31877 -0.32329 0.92702 0.9463 
2 -0.416147 -0.416147 0.890274 0.909297 
2.1 -0.493146 -0.504846 0.84481 0.863209 
2.2 -0.570146 -0.588501 0.791645 0.808496 
2.3 -0.647145 -0.666276 0.730781 0.745705 
2.4 -0.724144 -0.737394 0.662216 0.675463 
2.5 -0.801144 -0.801144 0.585952 0.598472 
2.6 -0.838913 -0.856889 0.503949 0.515501 
2.7 -0.876683 -0.904072 0.418169 0.42738 
2.8 -0.914453 -0.942222 0.328612 0.334988 
2.9 -0.952223 -0.970958 0.235278 0.239249 
3 -0.989992 -0.989992 0.138168 0.14112 
3.1 -0.979285 -0.999135 0.0397038 0.0415807 
3.2 -0.968578 -0.998295 -0.0576894 -0.0583741 
3.3 -0.957871 -0.98748 -0.154012 -0.157746 
3.4 -0.947164 -0.966798 -0.249264 -0.255541 
3.5 -0.936457 -0.936457 -0.343445 -0.350783 
3.6 -0.879894 -0.896758 -0.434262 -0.44252 
3.7 -0.823331 -0.8481 -0.519423 -0.529836 
3.8 -0.766769 -0.790968 -0.598928 -0.611858 
3.9 -0.710206 -0.725932 -0.672777 -0.687766 
4 -0.653644 -0.653644 -0.74097 -0.756802 
4.1 -0.565074 -0.574824 -0.801906 -0.818277 
4.2 -0.476504 -0.490261 -0.853984 -0.871576 
4.3 -0.387935 -0.400799 -0.897206 -0.916166 
4.4 -0.299365 -0.307333 -0.931571 -0.951602 
4.5 -0.210796 -0.210796 -0.95708 -0.97753 
4.6 -0.111904 -0.112153 -0.973215 -0.993691 
4.7 -0.0130126 -0.0123887 -0.97946 -0.999923 
4.8 0.085879 0.087499 -0.975817 -0.996165 
4.9 0.184771 0.186512 -0.962285 -0.982453 
5 0.283662 0.283662 -0.938863 -0.958924 
5.1 0.368664 0.377978 -0.906247 -0.925815 
5.2 0.453665 0.468517 -0.86513 -0.883455 
5.3 0.538667 0.554374 -0.815514 -0.832267 
5.4 0.623668 0.634693 -0.757397 -0.772764 
5.5 0.70867 0.70867 -0.69078 -0.70554 
5.6 0.75897 0.775566 -0.617398 -0.631267 
5.7 0.80927 0.834713 -0.538986 -0.550686 
5.8 0.85957 0.88552 -0.455544 -0.464602 
5.9 0.90987 0.927478 -0.367072 -0.373877 
6 0.96017 0.96017 -0.27357 -0.279415 
6.1 0.963454 0.983268 -0.177389 -0.182163 
6.2 0.966737 0.996542 -0.0808792 -0.0830894 
6.3 0.970021 0.999859 0.0159587 0.0168139 
6.4 0.973304 0.993185 0.113125 0.116549 
6.5 0.976588 0.976588 0.21062 0.21512 
6.6 0.932051 0.950233 0.306051 0.311541 
6.7 0.887513 0.914383 0.39703 0.40485 
6.8 0.842976 0.869397 0.483554 0.494113 
6.9 0.798439 0.815725 0.565625 0.57844 
7 0.753902 0.753902 0.643242 0.656987 
7.1 0.672449 0.684547 0.71456 0.728969 
7.2 0.590995 0.608351 0.777732 0.793668 
7.3 0.509542 0.526078 0.832759 0.850437 
7.4 0.428089 0.438547 0.87964 0.898708 
7.5 0.346635 0.346635 0.918376 0.938 
7.6 0.248208 0.25126 0.948119 0.96792 
7.7 0.149781 0.153374 0.968018 0.988168 
7.8 0.0513541 0.0539554 0.978075 0.998543 
7.9 -0.047073 -0.0460021 0.978289 0.998941 
8 -0.1455 -0.1455 0.96866 0.989358 
8.1 -0.236802 -0.243544 0.949545 0.96989 
8.2 -0.328105 -0.339155 0.9213 0.940731 
8.3 -0.419407 -0.431377 0.883924 0.902172 
8.4 -0.51071 -0.519289 0.837418 0.854599 
8.5 -0.602012 -0.602012 0.781782 0.798487 
8.6 -0.663836 -0.67872 0.71849 0.734397 
8.7 -0.725659 -0.748647 0.649015 0.662969 
8.8 -0.787483 -0.811093 0.573358 0.584917 
8.9 -0.849307 -0.865435 0.491519 0.501021 
9 -0.91113 -0.91113 0.403497 0.412118 

