0 1 1 0 0 0 0 0 0 0 0 0 0 1 1 1 0
0.1 1 1 0.1 0.1 0.1 0.01 0.1 0.1 0.005 0.005 0.005 0.000333333 1 1 1 0.2
0.2 1 1 0.2 0.2 0.2 0.04 0.2 0.2 0.02 0.02 0.02 0.00266667 1 1 1 0.4
0.3 1 1 0.3 0.3 0.3 0.09 0.3 0.3 0.045 0.045 0.045 0.009 1 1 1 0.6
0.4 1 1 0.4 0.4 0.4 0.16 0.4 0.4 0.08 0.08 0.08 0.0213333 1 1 1 0.8
0.5 1 1 0.5 0.5 0.5 0.25 0.5 0.5 0.125 0.125 0.125 0.0416667 1 1 1 1
0.6 1 1 0.6 0.6 0.6 0.36 0.6 0.6 0.18 0.18 0.18 0.072 1 1 1 1.2
0.7 1 1 0.7 0.7 0.7 0.49 0.7 0.7 0.245 0.245 0.245 0.114333 1 1 1 1.4
0.8 1 1 0.8 0.8 0.8 0.64 0.8 0.8 0.32 0.32 0.32 0.170667 1 1 1 1.6
0.9 1 1 0.9 0.9 0.9 0.81 0.9 0.9 0.405 0.405 0.405 0.243 1 1 1 1.8
1 1 1 1 1 1 1 1 1 0.5 0.5 0.5 0.333333 1 1 1 2
1.1 1 1 1.1 1.1 1.12 1.21 1.1 1.1 0.605 0.605 0.605667 0.443667 1 1 1.4 2.2
1.2 1 1 1.2 1.2 1.28 1.44 1.2 1.2 0.72 0.72 0.725333 0.576 1 1 1.8 2.4
1.3 1 1 1.3 1.3 1.48 1.69 1.3 1.3 0.845 0.845 0.863 0.732333 1 1 2.2 2.6
1.4 1 1 1.4 1.4 1.72 1.96 1.4 1.4 0.98 0.98 1.02267 0.914667 1 1 2.6 2.8
1.5 1 1 1.5 1.5 2 2.25 1.5 1.5 1.125 1.125 1.20833 1.125 1 1 3 3
1.6 1 1 1.6 1.6 2.32 2.56 1.6 1.6 1.28 1.28 1.424 1.36533 1 1 3.4 3.2
1.7 1 1 1.7 1.7 2.68 2.89 1.7 1.7 1.445 1.445 1.67367 1.63767 1 1 3.8 3.4
1.8 1 1 1.8 1.8 3.08 3.24 1.8 1.8 1.62 1.62 1.96133 1.944 1 1 4.2 3.6
1.9 1 1 1.9 1.9 3.52 3.61 1.9 1.9 1.805 1.805 2.291 2.28633 1 1 4.6 3.8
2 1 1 2 2 4 4 2 2 2 2 2.66667 2.66667 1 1 5 4
2.1 1 1 2.1 2.1 4.5 4.41 2.1 2.1 2.205 2.205 3.09167 3.087 1 1 5 4.2
2.2 1 1 2.2 2.2 5 4.84 2.2 2.2 2.42 2.42 3.56667 3.54933 1 1 5 4.4
2.3 1 1 2.3 2.3 5.5 5.29 2.3 2.3 2.645 2.645 4.09167 4.05567 1 1 5 4.6
2.4 1 1 2.4 2.4 6 5.76 2.4 2.4 2.88 2.88 4.66667 4.608 1 1 5 4.8
2.5 1 1 2.5 2.5 6.5 6.25 2.5 2.5 3.125 3.125 5.29167 5.20833 1 1 5 5
2.6 1 1 2.6 2.6 7 6.76 2.6 2.6 3.38 3.38 5.96667 5.85867 1 1 5 5.2
2.7 1 1 2.7 2.7 7.5 7.29 2.7 2.7 3.645 3.645 6.69167 6.561 1 1 5 5.4
2.8 1 1 2.8 2.8 8 7.84 2.8 2.8 3.92 3.92 7.46667 7.31733 1 1 5 5.6
2.9 1 1 2.9 2.9 8.5 8.41 2.9 2.9 4.205 4.205 8.29167 8.12967 1 1 5 5.8
3 1 1 3 3 9 9 3 3 4.5 4.5 9.16667 9 1 1 5 6
3.1 1 1 3.1 3.1 9.52 9.61 3.1 3.1 4.805 4.805 10.0923 9.93033 1 1 5.4 6.2
3.2 1 1 3.2 3.2 10.08 10.24 3.2 3.2 5.12 5.12 11.072 10.9227 1 1 5.8 6.4
3.3 1 1 3.3 3.3 10.68 10.89 3.3 3.3 5.445 5.445 12.1097 11.979 1 1 6.2 6.6
3.4 1 1 3.4 3.4 11.32 11.56 3.4 3.4 5.78 5.78 13.2093 13.1013 1 1 6.6 6.8
3.5 1 1 3.5 3.5 12 12.25 3.5 3.5 6.125 6.125 14.375 14.2917 1 1 7 7
3.6 1 1 3.6 3.6 12.72 12.96 3.6 3.6 6.48 6.48 15.6107 15.552 1 1 7.4 7.2
3.7 1 1 3.7 3.7 13.48 13.69 3.7 3.7 6.845 6.845 16.9203 16.8843 1 1 7.8 7.4
3.8 1 1 3.8 3.8 14.28 14.44 3.8 3.8 7.22 7.22 18.308 18.2907 1 1 8.2 7.6
3.9 1 1 3.9 3.9 15.12 15.21 3.9 3.9 7.605 7.605 19.7777 19.773 1 1 8.6 7.8
4 1 1 4 4 16 16 4 4 8 8 21.3333 21.3333 1 1 9 8
4.1 1 1 4.1 4.1 16.9 16.81 4.1 4.1 8.405 8.405 22.9783 22.9737 1 1 9 8.2
4.2 1 1 4.2 4.2 17.8 17.64 4.2 4.2 8.82 8.82 24.7133 24.696 1 1 9 8.4
4.3 1 1 4.3 4.3 18.7 18.49 4.3 4.3 9.245 9.245 26.5383 26.5023 1 1 9 8.6
4.4 1 1 4.4 4.4 19.6 19.36 4.4 4.4 9.68 9.68 28.4533 28.3947 1 1 9 8.8
4.5 1 1 4.5 4.5 20.5 20.25 4.5 4.5 10.125 10.125 30.4583 30.375 1 1 9 9
4.6 1 1 4.6 4.6 21.4 21.16 4.6 4.6 10.58 10.58 32.5533 32.4453 1 1 9 9.2
4.7 1 1 4.7 4.7 22.3 22.09 4.7 4.7 11.045 11.045 34.7383 34.6077 1 1 9 9.4
4.8 1 1 4.8 4.8 23.2 23.04 4.8 4.8 11.52 11.52 37.0133 36.864 1 1 9 9.6
4.9 1 1 4.9 4.9 24.1 24.01 4.9 4.9 12.005 12.005 39.3783 39.2163 1 1 9 9.8
5 1 1 5 5 25 25 5 5 12.5 12.5 41.8333 41.6667 1 1 9 10

