0.0000000000e+00 1.0000000000e+00 -0.0000000000e+00 9.9999976122e-01
3.1447373910e-03 9.9999505532e-01 -3.1447322077e-03 9.9999490792e-01
6.2894747820e-03 9.9998022132e-01 -6.2894333161e-03 9.9998033636e-01
9.4342121729e-03 9.9995549815e-01 -9.4340722259e-03 9.9995603907e-01
1.2578949564e-02 9.9992088606e-01 -1.2578617839e-02 9.9992200879e-01
1.5723686955e-02 9.9987638538e-01 -1.5723039057e-02 9.9987823846e-01
1.8868424346e-02 9.9982199656e-01 -1.8867304784e-02 9.9982472121e-01
2.2013161737e-02 9.9975772014e-01 -2.2011383926e-02 9.9976145040e-01
2.5157899128e-02 9.9968355675e-01 -2.5155245389e-02 9.9968841955e-01
2.8302636519e-02 9.9959950712e-01 -2.8298858083e-02 9.9960562243e-01
3.1447373910e-02 9.9950557209e-01 -3.1442190919e-02 9.9951305298e-01
3.4592111301e-02 9.9940175258e-01 -3.4585212812e-02 9.9941070534e-01
3.7736848692e-02 9.9928804962e-01 -3.7727892679e-02 9.9929857386e-01
4.0881586083e-02 9.9916446434e-01 -4.0870199441e-02 9.9917665311e-01
4.4026323474e-02 9.9903099796e-01 -4.4012102022e-02 9.9904493781e-01
4.7171060865e-02 9.9888765179e-01 -4.7153569352e-02 9.9890342293e-01
5.0315798256e-02 9.9873442726e-01 -5.0294570363e-02 9.9875210362e-01
5.3460535647e-02 9.9857132588e-01 -5.3435073993e-02 9.9859097521e-01
5.6605273038e-02 9.9839834926e-01 -5.6575049184e-02 9.9842003327e-01
5.9750010429e-02 9.9821549912e-01 -5.9714464883e-02 9.9823927352e-01
6.2894747820e-02 9.9802277726e-01 -6.2853290044e-02 9.9804869193e-01
6.6039485211e-02 9.9782018559e-01 -6.5991493627e-02 9.9784828462e-01
6.9184222602e-02 9.9760772611e-01 -6.9129044595e-02 9.9763804794e-01
7.2328959993e-02 9.9738540092e-01 -7.2265911921e-02 9.9741797842e-01
7.5473697384e-02 9.9715321223e-01 -7.5402064582e-02 9.9718807280e-01
7.8618434775e-02 9.9691116232e-01 -7.8537471566e-02 9.9694832800e-01
8.1763172166e-02 9.9665925360e-01 -8.1672101863e-02 9.9669874115e-01
8.4907909556e-02 9.9639748854e-01 -8.4805924476e-02 9.9643930957e-01
8.8052646947e-02 9.9612586975e-01 -8.7938908411e-02 9.9617003076e-01
9.1197384338e-02 9.9584439991e-01 -9.1071022687e-02 9.9589090245e-01
9.4342121729e-02 9.9555308179e-01 -9.4202236328e-02 9.9560192253e-01
9.7486859120e-02 9.9525191829e-01 -9.7332518368e-02 9.9530308910e-01
1.0063159651e-01 9.9494091238e-01 -1.0046183785e-01 9.9499440045e-01
1.0377633390e-01 9.9462006714e-01 -1.0359016383e-01 9.9467585506e-01
1.0692107129e-01 9.9428938573e-01 -1.0671746537e-01 9.9434745160e-01
1.1006580868e-01 9.9394887144e-01 -1.0984371154e-01 9.9400918894e-01
1.1321054608e-01 9.9359852762e-01 -1.1296887143e-01 9.9366106614e-01
1.1635528347e-01 9.9323835774e-01 -1.1609291413e-01 9.9330308244e-01
1.1950002086e-01 9.9286836537e-01 -1.1921580874e-01 9.9293523728e-01
1.2264475825e-01 9.9248855416e-01 -1.2233752438e-01 9.9255753029e-01
1.2578949564e-01 9.9209892786e-01 -1.2545803018e-01 9.9216996129e-01
1.2893423303e-01 9.9169949034e-01 -1.2857729528e-01 9.9177253027e-01
1.3207897042e-01 9.9129024554e-01 -1.3169528884e-01 9.9136523743e-01
1.3522370781e-01 9.9087119751e-01 -1.3481198001e-01 9.9094808314e-01
1.3836844520e-01 9.9044235039e-01 -1.3792733797e-01 9.9052106798e-01
1.4151318259e-01 9.9000370842e-01 -1.4104133192e-01 9.9008419270e-01
1.4465791999e-01 9.8955527595e-01 -1.4415393107e-01 9.8963745822e-01
1.4780265738e-01 9.8909705740e-01 -1.4726510462e-01 9.8918086569e-01
1.5094739477e-01 9.8862905731e-01 -1.5037482181e-01 9.8871441639e-01
1.5409213216e-01 9.8815128031e-01 -1.5348305190e-01 9.8823811183e-01
1.5723686955e-01 9.8766373112e-01 -1.5658976413e-01 9.8775195367e-01
1.6038160694e-01 9.8716641456e-01 -1.5969492779e-01 9.8725594377e-01
1.6352634433e-01 9.8665933555e-01 -1.6279851217e-01 9.8675008418e-01
1.6667108172e-01 9.8614249911e-01 -1.6590048657e-01 9.8623437710e-01
1.6981581911e-01 9.8561591035e-01 -1.6900082032e-01 9.8570882494e-01
1.7296055650e-01 9.8507957447e-01 -1.7209948276e-01 9.8517343027e-01
1.7610529389e-01 9.8453349677e-01 -1.7519644325e-01 9.8462819586e-01
1.7925003129e-01 9.8397768267e-01 -1.7829167116e-01 9.8407312464e-01
1.8239476868e-01 9.8341213765e-01 -1.8138513587e-01 9.8350821973e-01
1.8553950607e-01 9.8283686731e-01 -1.8447680680e-01 9.8293348442e-01
1.8868424346e-01 9.8225187734e-01 -1.8756665338e-01 9.8234892218e-01
1.9182898085e-01 9.8165717352e-01 -1.9065464503e-01 9.8175453665e-01
1.9497371824e-01 9.8105276174e-01 -1.9374075124e-01 9.8115033165e-01
1.9811845563e-01 9.8043864796e-01 -1.9682494147e-01 9.8053631117e-01
2.0126319302e-01 9.7981483827e-01 -1.9990718522e-01 9.7991247939e-01
2.0440793041e-01 9.7918133883e-01 -2.0298745203e-01 9.7927884064e-01
2.0755266780e-01 9.7853815591e-01 -2.0606571141e-01 9.7863539943e-01
2.1069740520e-01 9.7788529587e-01 -2.0914193294e-01 9.7798216045e-01
2.1384214259e-01 9.7722276517e-01 -2.1221608618e-01 9.7731912856e-01
2.1698687998e-01 9.7655057035e-01 -2.1528814075e-01 9.7664630877e-01
2.2013161737e-01 9.7586871807e-01 -2.1835806624e-01 9.7596370628e-01
2.2327635476e-01 9.7517721506e-01 -2.2142583232e-01 9.7527132646e-01
2.2642109215e-01 9.7447606818e-01 -2.2449140864e-01 9.7456917483e-01
2.2956582954e-01 9.7376528434e-01 -2.2755476488e-01 9.7385725709e-01
2.3271056693e-01 9.7304487058e-01 -2.3061587074e-01 9.7313557910e-01
2.3585530432e-01 9.7231483403e-01 -2.3367469596e-01 9.7240414690e-01
2.3900004171e-01 9.7157518189e-01 -2.3673121029e-01 9.7166296667e-01
2.4214477911e-01 9.7082592150e-01 -2.3978538350e-01 9.7091204477e-01
2.4528951650e-01 9.7006706026e-01 -2.4283718538e-01 9.7015138772e-01
2.4843425389e-01 9.6929860567e-01 -2.4588658575e-01 9.6938100220e-01
2.5157899128e-01 9.6852056533e-01 -2.4893355447e-01 9.6860089506e-01
2.5472372867e-01 9.6773294693e-01 -2.5197806139e-01 9.6781107329e-01
2.5786846606e-01 9.6693575828e-01 -2.5502007640e-01 9.6701154407e-01
2.6101320345e-01 9.6612900724e-01 -2.5805956943e-01 9.6620231471e-01
2.6415794084e-01 9.6531270180e-01 -2.6109651041e-01 9.6538339270e-01
2.6730267823e-01 9.6448685003e-01 -2.6413086932e-01 9.6455478567e-01
2.7044741562e-01 9.6365146009e-01 -2.6716261613e-01 9.6371650142e-01
2.7359215302e-01 9.6280654026e-01 -2.7019172088e-01 9.6286854789e-01
2.7673689041e-01 9.6195209888e-01 -2.7321815361e-01 9.6201093320e-01
2.7988162780e-01 9.6108814440e-01 -2.7624188438e-01 9.6114366560e-01
2.8302636519e-01 9.6021468538e-01 -2.7926288329e-01 9.6026675350e-01
2.8617110258e-01 9.5933173044e-01 -2.8228112047e-01 9.5938020546e-01
2.8931583997e-01 9.5843928832e-01 -2.8529656607e-01 9.5848403020e-01
2.9246057736e-01 9.5753736784e-01 -2.8830919027e-01 9.5757823660e-01
2.9560531475e-01 9.5662597792e-01 -2.9131896328e-01 9.5666283365e-01
2.9875005214e-01 9.5570512758e-01 -2.9432585532e-01 9.5573783053e-01
3.0189478953e-01 9.5477482593e-01 -2.9732983667e-01 9.5480323655e-01
3.0503952693e-01 9.5383508216e-01 -3.0033087761e-01 9.5385906117e-01
3.0818426432e-01 9.5288590556e-01 -3.0332894847e-01 9.5290531399e-01
3.1132900171e-01 9.5192730553e-01 -3.0632401961e-01 9.5194200477e-01
3.1447373910e-01 9.5095929154e-01 -3.0931606139e-01 9.5096914340e-01
3.1761847649e-01 9.4998187317e-01 -3.1230504423e-01 9.4998673991e-01
3.2076321388e-01 9.4899506008e-01 -3.1529093858e-01 9.4899480450e-01
3.2390795127e-01 9.4799886203e-01 -3.1827371489e-01 9.4799334748e-01
3.2705268866e-01 9.4699328887e-01 -3.2125334368e-01 9.4698237932e-01
3.3019742605e-01 9.4597835056e-01 -3.2422979548e-01 9.4596191062e-01
3.3334216344e-01 9.4495405711e-01 -3.2720304086e-01 9.4493195213e-01
3.3648690083e-01 9.4392041867e-01 -3.3017305040e-01 9.4389251473e-01
3.3963163823e-01 9.4287744546e-01 -3.3313979474e-01 9.4284360943e-01
3.4277637562e-01 9.4182514779e-01 -3.3610324454e-01 9.4178524740e-01
3.4592111301e-01 9.4076353606e-01 -3.3906337049e-01 9.4071743992e-01
3.4906585040e-01 9.3969262079e-01 -3.4202014333e-01 9.3964019842e-01
3.5221058779e-01 9.3861241254e-01 -3.4497353379e-01 9.3855353447e-01
3.5535532518e-01 9.3752292202e-01 -3.4792351269e-01 9.3745745974e-01
3.5850006257e-01 9.3642415999e-01 -3.5087005085e-01 9.3635198607e-01
3.6164479996e-01 9.3531613732e-01 -3.5381311913e-01 9.3523712541e-01
3.6478953735e-01 9.3419886497e-01 -3.5675268841e-01 9.3411288985e-01
3.6793427474e-01 9.3307235398e-01 -3.5968872964e-01 9.3297929161e-01
3.7107901214e-01 9.3193661550e-01 -3.6262121378e-01 9.3183634302e-01
3.7422374953e-01 9.3079166076e-01 -3.6555011183e-01 9.3068405656e-01
3.7736848692e-01 9.2963750108e-01 -3.6847539481e-01 9.2952244483e-01
3.8051322431e-01 9.2847414788e-01 -3.7139703381e-01 9.2835152054e-01
3.8365796170e-01 9.2730161265e-01 -3.7431499992e-01 9.2717129655e-01
3.8680269909e-01 9.2611990701e-01 -3.7722926430e-01 9.2598178583e-01
3.8994743648e-01 9.2492904262e-01 -3.8013979812e-01 9.2478300147e-01
3.9309217387e-01 9.2372903127e-01 -3.8304657260e-01 9.2357495669e-01
3.9623691126e-01 9.2251988483e-01 -3.8594955900e-01 9.2235766483e-01
3.9938164865e-01 9.2130161526e-01 -3.8884872859e-01 9.2113113934e-01
4.0252638605e-01 9.2007423459e-01 -3.9174405272e-01 9.1989539381e-01
4.0567112344e-01 9.1883775498e-01 -3.9463550275e-01 9.1865044192e-01
4.0881586083e-01 9.1759218864e-01 -3.9752305008e-01 9.1739629750e-01
4.1196059822e-01 9.1633754790e-01 -4.0040666617e-01 9.1613297447e-01
4.1510533561e-01 9.1507384516e-01 -4.0328632248e-01 9.1486048688e-01
4.1825007300e-01 9.1380109292e-01 -4.0616199055e-01 9.1357884889e-01
4.2139481039e-01 9.1251930377e-01 -4.0903364194e-01 9.1228807477e-01
4.2453954778e-01 9.1122849039e-01 -4.1190124824e-01 9.1098817891e-01
4.2768428517e-01 9.0992866553e-01 -4.1476478111e-01 9.0967917582e-01
4.3082902256e-01 9.0861984206e-01 -4.1762421221e-01 9.0836108009e-01
4.3397375996e-01 9.0730203291e-01 -4.2047951327e-01 9.0703390646e-01
4.3711849735e-01 9.0597525112e-01 -4.2333065606e-01 9.0569766975e-01
4.4026323474e-01 9.0463950981e-01 -4.2617761237e-01 9.0435238490e-01
4.4340797213e-01 9.0329482219e-01 -4.2902035406e-01 9.0299806697e-01
4.4655270952e-01 9.0194120156e-01 -4.3185885301e-01 9.0163473110e-01
4.4969744691e-01 9.0057866130e-01 -4.3469308115e-01 9.0026239255e-01
4.5284218430e-01 8.9920721490e-01 -4.3752301046e-01 8.9888106669e-01
4.5598692169e-01 8.9782687590e-01 -4.4034861293e-01 8.9749076899e-01
4.5913165908e-01 8.9643765796e-01 -4.4316986064e-01 8.9609151502e-01
4.6227639647e-01 8.9503957483e-01 -4.4598672569e-01 8.9468332045e-01
4.6542113387e-01 8.9363264032e-01 -4.4879918020e-01 8.9326620107e-01
4.6856587126e-01 8.9221686836e-01 -4.5160719638e-01 8.9184017274e-01
4.7171060865e-01 8.9079227293e-01 -4.5441074644e-01 8.9040525144e-01
4.7485534604e-01 8.8935886814e-01 -4.5720980268e-01 8.8896145326e-01
4.7800008343e-01 8.8791666815e-01 -4.6000433740e-01 8.8750879436e-01
4.8114482082e-01 8.8646568723e-01 -4.6279432297e-01 8.8604729102e-01
4.8428955821e-01 8.8500593972e-01 -4.6557973179e-01 8.8457695959e-01
4.8743429560e-01 8.8353744007e-01 -4.6836053633e-01 8.8309781656e-01
4.9057903299e-01 8.8206020279e-01 -4.7113670908e-01 8.8160987846e-01
4.9372377038e-01 8.8057424250e-01 -4.7390822259e-01 8.8011316196e-01
4.9686850777e-01 8.7907957389e-01 -4.7667504945e-01 8.7860768380e-01
5.0001324517e-01 8.7757621174e-01 -4.7943716229e-01 8.7709346081e-01
5.0315798256e-01 8.7606417092e-01 -4.8219453380e-01 8.7557050992e-01
5.0630271995e-01 8.7454346638e-01 -4.8494713672e-01 8.7403884816e-01
5.0944745734e-01 8.7301411316e-01 -4.8769494381e-01 8.7249849263e-01
5.1259219473e-01 8.7147612639e-01 -4.9043792792e-01 8.7094946052e-01
5.1573693212e-01 8.6992952127e-01 -4.9317606190e-01 8.6939176912e-01
5.1888166951e-01 8.6837431309e-01 -4.9590931868e-01 8.6782543581e-01
5.2202640690e-01 8.6681051725e-01 -4.9863767124e-01 8.6625047804e-01
5.2517114429e-01 8.6523814920e-01 -5.0136109259e-01 8.6466691336e-01
5.2831588168e-01 8.6365722450e-01 -5.0407955579e-01 8.6307475939e-01
5.3146061908e-01 8.6206775878e-01 -5.0679303397e-01 8.6147403386e-01
5.3460535647e-01 8.6046976775e-01 -5.0950150028e-01 8.5986475454e-01
5.3775009386e-01 8.5886326722e-01 -5.1220492795e-01 8.5824693933e-01
5.4089483125e-01 8.5724827308e-01 -5.1490329024e-01 8.5662060619e-01
5.4403956864e-01 8.5562480130e-01 -5.1759656046e-01 8.5498577315e-01
5.4718430603e-01 8.5399286793e-01 -5.2028471198e-01 8.5334245834e-01
5.5032904342e-01 8.5235248912e-01 -5.2296771822e-01 8.5169067996e-01
5.5347378081e-01 8.5070368108e-01 -5.2564555263e-01 8.5003045628e-01
5.5661851820e-01 8.4904646012e-01 -5.2831818875e-01 8.4836180567e-01
5.5976325559e-01 8.4738084263e-01 -5.3098560013e-01 8.4668474656e-01
5.6290799299e-01 8.4570684508e-01 -5.3364776040e-01 8.4499929746e-01
5.6605273038e-01 8.4402448403e-01 -5.3630464324e-01 8.4330547696e-01
5.6919746777e-01 8.4233377611e-01 -5.3895622236e-01 8.4160330371e-01
5.7234220516e-01 8.4063473805e-01 -5.4160247155e-01 8.3989279645e-01
5.7548694255e-01 8.3892738664e-01 -5.4424336463e-01 8.3817397400e-01
5.7863167994e-01 8.3721173877e-01 -5.4687887549e-01 8.3644685523e-01
5.8177641733e-01 8.3548781141e-01 -5.4950897807e-01 8.3471145909e-01
5.8492115472e-01 8.3375562161e-01 -5.5213364635e-01 8.3296780462e-01
5.8806589211e-01 8.3201518649e-01 -5.5475285438e-01 8.3121591090e-01
5.9121062950e-01 8.3026652327e-01 -5.5736657626e-01 8.2945579710e-01
5.9435536690e-01 8.2850964924e-01 -5.5997478614e-01 8.2768748246e-01
5.9750010429e-01 8.2674458178e-01 -5.6257745822e-01 8.2591098627e-01
6.0064484168e-01 8.2497133834e-01 -5.6517456677e-01 8.2412632791e-01
6.0378957907e-01 8.2318993645e-01 -5.6776608609e-01 8.2233352682e-01
6.0693431646e-01 8.2140039374e-01 -5.7035199058e-01 8.2053260250e-01
6.1007905385e-01 8.1960272791e-01 -5.7293225464e-01 8.1872357452e-01
6.1322379124e-01 8.1779695672e-01 -5.7550685277e-01 8.1690646252e-01
6.1636852863e-01 8.1598309803e-01 -5.7807575950e-01 8.1508128619e-01
6.1951326602e-01 8.1416116980e-01 -5.8063894943e-01 8.1324806530e-01
6.2265800341e-01 8.1233119002e-01 -5.8319639721e-01 8.1140681967e-01
6.2580274081e-01 8.1049317681e-01 -5.8574807754e-01 8.0955756920e-01
6.2894747820e-01 8.0864714833e-01 -5.8829396520e-01 8.0770033384e-01
6.3209221559e-01 8.0679312285e-01 -5.9083403501e-01 8.0583513359e-01
6.3523695298e-01 8.0493111870e-01 -5.9336826184e-01 8.0396198854e-01
6.3838169037e-01 8.0306115428e-01 -5.9589662063e-01 8.0208091882e-01
6.4152642776e-01 8.0118324810e-01 -5.9841908639e-01 8.0019194462e-01
6.4467116515e-01 7.9929741873e-01 -6.0093563416e-01 7.9829508619e-01
6.4781590254e-01 7.9740368482e-01 -6.0344623906e-01 7.9639036384e-01
6.5096063993e-01 7.9550206509e-01 -6.0595087626e-01 7.9447779795e-01
6.5410537732e-01 7.9359257834e-01 -6.0844952099e-01 7.9255740894e-01
6.5725011471e-01 7.9167524347e-01 -6.1094214855e-01 7.9062921729e-01
6.6039485211e-01 7.8975007944e-01 -6.1342873427e-01 7.8869324353e-01
6.6353958950e-01 7.8781710528e-01 -6.1590925357e-01 7.8674950828e-01
6.6668432689e-01 7.8587634011e-01 -6.1838368192e-01 7.8479803217e-01
6.6982906428e-01 7.8392780312e-01 -6.2085199484e-01 7.8283883590e-01
6.7297380167e-01 7.8197151358e-01 -6.2331416794e-01 7.8087194025e-01
6.7611853906e-01 7.8000749084e-01 -6.2577017685e-01 7.7889736601e-01
6.7926327645e-01 7.7803575432e-01 -6.2821999730e-01 7.7691513405e-01
6.8240801384e-01 7.7605632352e-01 -6.3066360504e-01 7.7492526530e-01
6.8555275123e-01 7.7406921802e-01 -6.3310097593e-01 7.7292778072e-01
6.8869748862e-01 7.7207445746e-01 -6.3553208584e-01 7.7092270132e-01
6.9184222602e-01 7.7007206158e-01 -6.3795691075e-01 7.6891004819e-01
6.9498696341e-01 7.6806205017e-01 -6.4037542667e-01 7.6688984244e-01
6.9813170080e-01 7.6604444312e-01 -6.4278760969e-01 7.6486210525e-01
7.0127643819e-01 7.6401926037e-01 -6.4519343594e-01 7.6282685784e-01
7.0442117558e-01 7.6198652196e-01 -6.4759288164e-01 7.6078412148e-01
7.0756591297e-01 7.5994624799e-01 -6.4998592305e-01 7.5873391749e-01
7.1071065036e-01 7.5789845863e-01 -6.5237253652e-01 7.5667626724e-01
7.1385538775e-01 7.5584317413e-01 -6.5475269844e-01 7.5461119214e-01
7.1700012514e-01 7.5378041483e-01 -6.5712638527e-01 7.5253871366e-01
7.2014486253e-01 7.5171020112e-01 -6.5949357354e-01 7.5045885331e-01
7.2328959993e-01 7.4963255347e-01 -6.6185423983e-01 7.4837163264e-01
7.2643433732e-01 7.4754749243e-01 -6.6420836081e-01 7.4627707326e-01
7.2957907471e-01 7.4545503862e-01 -6.6655591318e-01 7.4417519682e-01
7.3272381210e-01 7.4335521273e-01 -6.6889687374e-01 7.4206602501e-01
7.3586854949e-01 7.4124803553e-01 -6.7123121934e-01 7.3994957958e-01
7.3901328688e-01 7.3913352786e-01 -6.7355892689e-01 7.3782588230e-01
7.4215802427e-01 7.3701171063e-01 -6.7587997336e-01 7.3569495500e-01
7.4530276166e-01 7.3488260482e-01 -6.7819433581e-01 7.3355681956e-01
7.4844749905e-01 7.3274623149e-01 -6.8050199136e-01 7.3141149790e-01
7.5159223644e-01 7.3060261176e-01 -6.8280291716e-01 7.2925901197e-01
7.5473697384e-01 7.2845176684e-01 -6.8509709048e-01 7.2709938378e-01
7.5788171123e-01 7.2629371799e-01 -6.8738448863e-01 7.2493263536e-01
7.6102644862e-01 7.2412848656e-01 -6.8966508898e-01 7.2275878882e-01
7.6417118601e-01 7.2195609395e-01 -6.9193886898e-01 7.2057786627e-01
7.6731592340e-01 7.1977656166e-01 -6.9420580614e-01 7.1838988989e-01
7.7046066079e-01 7.1758991124e-01 -6.9646587805e-01 7.1619488189e-01
7.7360539818e-01 7.1539616431e-01 -6.9871906235e-01 7.1399286452e-01
7.7675013557e-01 7.1319534256e-01 -7.0096533677e-01 7.1178386008e-01
7.7989487296e-01 7.1098746777e-01 -7.0320467908e-01 7.0956789090e-01
7.8303961035e-01 7.0877256175e-01 -7.0543706715e-01 7.0734497936e-01
7.8618434775e-01 7.0655064643e-01 -7.0766247889e-01 7.0511514787e-01
7.8932908514e-01 7.0432174378e-01 -7.0988089229e-01 7.0287841889e-01
7.9247382253e-01 7.0208587582e-01 -7.1209228543e-01 7.0063481491e-01
7.9561855992e-01 6.9984306469e-01 -7.1429663643e-01 6.9838435846e-01
7.9876329731e-01 6.9759333255e-01 -7.1649392348e-01 6.9612707212e-01
8.0190803470e-01 6.9533670165e-01 -7.1868412487e-01 6.9386297850e-01
8.0505277209e-01 6.9307319432e-01 -7.2086721892e-01 6.9159210025e-01
8.0819750948e-01 6.9080283293e-01 -7.2304318406e-01 6.8931446005e-01
8.1134224687e-01 6.8852563994e-01 -7.2521199876e-01 6.8703008063e-01
8.1448698426e-01 6.8624163787e-01 -7.2737364157e-01 6.8473898475e-01
8.1763172166e-01 6.8395084930e-01 -7.2952809112e-01 6.8244119523e-01
8.2077645905e-01 6.8165329690e-01 -7.3167532610e-01 6.8013673489e-01
8.2392119644e-01 6.7934900338e-01 -7.3381532528e-01 6.7782562661e-01
8.2706593383e-01 6.7703799152e-01 -7.3594806748e-01 6.7550789332e-01
8.3021067122e-01 6.7472028419e-01 -7.3807353163e-01 6.7318355795e-01
8.3335540861e-01 6.7239590431e-01 -7.4019169670e-01 6.7085264350e-01
8.3650014600e-01 6.7006487486e-01 -7.4230254175e-01 6.6851517299e-01
8.3964488339e-01 6.6772721889e-01 -7.4440604589e-01 6.6617116948e-01
8.4278962078e-01 6.6538295952e-01 -7.4650218833e-01 6.6382065608e-01
8.4593435817e-01 6.6303211994e-01 -7.4859094833e-01 6.6146365591e-01
8.4907909556e-01 6.6067472339e-01 -7.5067230525e-01 6.5910019214e-01
8.5222383296e-01 6.5831079319e-01 -7.5274623850e-01 6.5673028799e-01
8.5536857035e-01 6.5594035271e-01 -7.5481272756e-01 6.5435396669e-01
8.5851330774e-01 6.5356342540e-01 -7.5687175200e-01 6.5197125153e-01
8.6165804513e-01 6.5118003476e-01 -7.5892329147e-01 6.4958216582e-01
8.6480278252e-01 6.4879020436e-01 -7.6096732566e-01 6.4718673290e-01
8.6794751991e-01 6.4639395784e-01 -7.6300383437e-01 6.4478497617e-01
8.7109225730e-01 6.4399131890e-01 -7.6503279746e-01 6.4237691904e-01
8.7423699469e-01 6.4158231129e-01 -7.6705419486e-01 6.3996258497e-01
8.7738173208e-01 6.3916695883e-01 -7.6906800657e-01 6.3754199745e-01
8.8052646947e-01 6.3674528543e-01 -7.7107421270e-01 6.3511518001e-01
8.8367120687e-01 6.3431731501e-01 -7.7307279339e-01 6.3268215622e-01
8.8681594426e-01 6.3188307160e-01 -7.7506372888e-01 6.3024294967e-01
8.8996068165e-01 6.2944257927e-01 -7.7704699948e-01 6.2779758399e-01
8.9310541904e-01 6.2699586215e-01 -7.7902258558e-01 6.2534608285e-01
8.9625015643e-01 6.2454294444e-01 -7.8099046765e-01 6.2288846996e-01
8.9939489382e-01 6.2208385039e-01 -7.8295062621e-01 6.2042476905e-01
9.0253963121e-01 6.1961860433e-01 -7.8490304189e-01 6.1795500390e-01
9.0568436860e-01 6.1714723064e-01 -7.8684769537e-01 6.1547919831e-01
9.0882910599e-01 6.1466975375e-01 -7.8878456743e-01 6.1299737613e-01
9.1197384338e-01 6.1218619817e-01 -7.9071363892e-01 6.1050956124e-01
9.1511858078e-01 6.0969658846e-01 -7.9263489074e-01 6.0801577755e-01
9.1826331817e-01 6.0720094923e-01 -7.9454830391e-01 6.0551604901e-01
9.2140805556e-01 6.0469930518e-01 -7.9645385950e-01 6.0301039960e-01
9.2455279295e-01 6.0219168103e-01 -7.9835153867e-01 6.0049885335e-01
9.2769753034e-01 5.9967810158e-01 -8.0024132265e-01 5.9798143430e-01
9.3084226773e-01 5.9715859170e-01 -8.0212319276e-01 5.9545816654e-01
9.3398700512e-01 5.9463317630e-01 -8.0399713037e-01 5.9292907421e-01
9.3713174251e-01 5.9210188036e-01 -8.0586311696e-01 5.9039418145e-01
9.4027647990e-01 5.8956472891e-01 -8.0772113407e-01 5.8785351246e-01
9.4342121729e-01 5.8702174703e-01 -8.0957116334e-01 5.8530709148e-01
9.4656595469e-01 5.8447295988e-01 -8.1141318646e-01 5.8275494277e-01
9.4971069208e-01 5.8191839267e-01 -8.1324718522e-01 5.8019709062e-01
9.5285542947e-01 5.7935807065e-01 -8.1507314149e-01 5.7763355938e-01
9.5600016686e-01 5.7679201915e-01 -8.1689103719e-01 5.7506437341e-01
9.5914490425e-01 5.7422026354e-01 -8.1870085437e-01 5.7248955712e-01
9.6228964164e-01 5.7164282926e-01 -8.2050257511e-01 5.6990913496e-01
9.6543437903e-01 5.6905974179e-01 -8.2229618160e-01 5.6732313141e-01
9.6857911642e-01 5.6647102669e-01 -8.2408165610e-01 5.6473157096e-01
9.7172385381e-01 5.6387670954e-01 -8.2585898096e-01 5.6213447819e-01
9.7486859120e-01 5.6127681601e-01 -8.2762813860e-01 5.5953187767e-01
9.7801332860e-01 5.5867137181e-01 -8.2938911153e-01 5.5692379402e-01
9.8115806599e-01 5.5606040271e-01 -8.3114188232e-01 5.5431025191e-01
9.8430280338e-01 5.5344393452e-01 -8.3288643364e-01 5.5169127603e-01
9.8744754077e-01 5.5082199312e-01 -8.3462274825e-01 5.4906689110e-01
9.9059227816e-01 5.4819460444e-01 -8.3635080897e-01 5.4643712189e-01
9.9373701555e-01 5.4556179447e-01 -8.3807059871e-01 5.4380199321e-01
9.9688175294e-01 5.4292358924e-01 -8.3978210046e-01 5.4116152990e-01
1.0000264903e+00 5.4028001483e-01 -8.4148529730e-01 5.3851575684e-01
1.0031712277e+00 5.3763109740e-01 -8.4318017239e-01 5.3586469893e-01
1.0063159651e+00 5.3497686314e-01 -8.4486670896e-01 5.3320838114e-01
1.0094607025e+00 5.3231733830e-01 -8.4654489033e-01 5.3054682843e-01
1.0126054399e+00 5.2965254918e-01 -8.4821469991e-01 5.2788006586e-01
1.0157501773e+00 5.2698252213e-01 -8.4987612119e-01 5.2520811846e-01
1.0188949147e+00 5.2430728356e-01 -8.5152913773e-01 5.2253101135e-01
1.0220396521e+00 5.2162685992e-01 -8.5317373319e-01 5.1984876966e-01
1.0251843895e+00 5.1894127772e-01 -8.5480989131e-01 5.1716141856e-01
1.0283291269e+00 5.1625056353e-01 -8.5643759589e-01 5.1446898328e-01
1.0314738642e+00 5.1355474394e-01 -8.5805683086e-01 5.1177148905e-01
1.0346186016e+00 5.1085384562e-01 -8.5966758018e-01 5.0906896118e-01
1.0377633390e+00 5.0814789528e-01 -8.6126982794e-01 5.0636142498e-01
1.0409080764e+00 5.0543691969e-01 -8.6286355829e-01 5.0364890582e-01
1.0440528138e+00 5.0272094564e-01 -8.6444875546e-01 5.0093142911e-01
1.0471975512e+00 5.0000000000e-01 -8.6602540378e-01 4.9820902029e-01
1.0503422886e+00 4.9727410968e-01 -8.6759348767e-01 4.9548170484e-01
1.0534870260e+00 4.9454330163e-01 -8.6915299160e-01 4.9274950828e-01
1.0566317634e+00 4.9180760287e-01 -8.7070390017e-01 4.9001245617e-01
1.0597765008e+00 4.8906704044e-01 -8.7224619802e-01 4.8727057412e-01
1.0629212382e+00 4.8632164144e-01 -8.7377986991e-01 4.8452388775e-01
1.0660659755e+00 4.8357143304e-01 -8.7530490068e-01 4.8177242276e-01
1.0692107129e+00 4.8081644242e-01 -8.7682127523e-01 4.7901620485e-01
1.0723554503e+00 4.7805669683e-01 -8.7832897858e-01 4.7625525979e-01
1.0755001877e+00 4.7529222356e-01 -8.7982799582e-01 4.7348961336e-01
1.0786449251e+00 4.7252304996e-01 -8.8131831211e-01 4.7071929142e-01
1.0817896625e+00 4.6974920340e-01 -8.8279991272e-01 4.6794431984e-01
1.0849343999e+00 4.6697071132e-01 -8.8427278301e-01 4.6516472454e-01
1.0880791373e+00 4.6418760120e-01 -8.8573690840e-01 4.6238053147e-01
1.0912238747e+00 4.6139990055e-01 -8.8719227441e-01 4.5959176664e-01
1.0943686121e+00 4.5860763696e-01 -8.8863886665e-01 4.5679845609e-01
1.0975133495e+00 4.5581083802e-01 -8.9007667082e-01 4.5400062590e-01
1.1006580868e+00 4.5300953141e-01 -8.9150567270e-01 4.5119830220e-01
1.1038028242e+00 4.5020374482e-01 -8.9292585815e-01 4.4839151115e-01
1.1069475616e+00 4.4739350600e-01 -8.9433721313e-01 4.4558027896e-01
1.1100922990e+00 4.4457884274e-01 -8.9573972369e-01 4.4276463187e-01
1.1132370364e+00 4.4175978288e-01 -8.9713337594e-01 4.3994459618e-01
1.1163817738e+00 4.3893635430e-01 -8.9851815612e-01 4.3712019822e-01
1.1195265112e+00 4.3610858491e-01 -8.9989405052e-01 4.3429146436e-01
1.1226712486e+00 4.3327650269e-01 -9.0126104555e-01 4.3145842103e-01
1.1258159860e+00 4.3044013564e-01 -9.0261912767e-01 4.2862109467e-01
1.1289607234e+00 4.2759951180e-01 -9.0396828346e-01 4.2577951179e-01
1.1321054608e+00 4.2475465928e-01 -9.0530849958e-01 4.2293369894e-01
1.1352501981e+00 4.2190560621e-01 -9.0663976278e-01 4.2008368271e-01
1.1383949355e+00 4.1905238076e-01 -9.0796205988e-01 4.1722948972e-01
1.1415396729e+00 4.1619501114e-01 -9.0927537781e-01 4.1437114664e-01
1.1446844103e+00 4.1333352563e-01 -9.1057970359e-01 4.1150868021e-01
1.1478291477e+00 4.1046795250e-01 -9.1187502432e-01 4.0864211716e-01
1.1509738851e+00 4.0759832011e-01 -9.1316132717e-01 4.0577148432e-01
1.1541186225e+00 4.0472465683e-01 -9.1443859945e-01 4.0289680853e-01
1.1572633599e+00 4.0184699108e-01 -9.1570682850e-01 4.0001811667e-01
1.1604080973e+00 3.9896535132e-01 -9.1696600180e-01 3.9713543569e-01
1.1635528347e+00 3.9607976604e-01 -9.1821610688e-01 3.9424879256e-01
1.1666975721e+00 3.9319026379e-01 -9.1945713139e-01 3.9135821432e-01
1.1698423094e+00 3.9029687313e-01 -9.2068906305e-01 3.8846372802e-01
1.1729870468e+00 3.8739962269e-01 -9.2191188969e-01 3.8556536078e-01
1.1761317842e+00 3.8449854111e-01 -9.2312559919e-01 3.8266313975e-01
1.1792765216e+00 3.8159365708e-01 -9.2433017958e-01 3.7975709215e-01
1.1824212590e+00 3.7868499933e-01 -9.2552561892e-01 3.7684724521e-01
1.1855659964e+00 3.7577259663e-01 -9.2671190541e-01 3.7393362623e-01
1.1887107338e+00 3.7285647778e-01 -9.2788902730e-01 3.7101626254e-01
1.1918554712e+00 3.6993667161e-01 -9.2905697295e-01 3.6809518153e-01
1.1950002086e+00 3.6701320701e-01 -9.3021573083e-01 3.6517041062e-01
1.1981449460e+00 3.6408611288e-01 -9.3136528946e-01 3.6224197729e-01
1.2012896834e+00 3.6115541816e-01 -9.3250563748e-01 3.5930990904e-01
1.2044344207e+00 3.5822115185e-01 -9.3363676361e-01 3.5637423346e-01
1.2075791581e+00 3.5528334296e-01 -9.3475865667e-01 3.5343497814e-01
1.2107238955e+00 3.5234202054e-01 -9.3587130555e-01 3.5049217073e-01
1.2138686329e+00 3.4939721369e-01 -9.3697469927e-01 3.4754583895e-01
1.2170133703e+00 3.4644895151e-01 -9.3806882690e-01 3.4459601053e-01
1.2201581077e+00 3.4349726318e-01 -9.3915367762e-01 3.4164271327e-01
1.2233028451e+00 3.4054217788e-01 -9.4022924071e-01 3.3868597500e-01
1.2264475825e+00 3.3758372483e-01 -9.4129550553e-01 3.3572582361e-01
1.2295923199e+00 3.3462193329e-01 -9.4235246153e-01 3.3276228702e-01
1.2327370573e+00 3.3165683256e-01 -9.4340009827e-01 3.2979539322e-01
1.2358817947e+00 3.2868845194e-01 -9.4443840538e-01 3.2682517022e-01
1.2390265320e+00 3.2571682081e-01 -9.4546737259e-01 3.2385164609e-01
1.2421712694e+00 3.2274196855e-01 -9.4648698973e-01 3.2087484895e-01
1.2453160068e+00 3.1976392457e-01 -9.4749724672e-01 3.1789480695e-01
1.2484607442e+00 3.1678271833e-01 -9.4849813356e-01 3.1491154831e-01
1.2516054816e+00 3.1379837931e-01 -9.4948964035e-01 3.1192510127e-01
1.2547502190e+00 3.1081093703e-01 -9.5047175730e-01 3.0893549414e-01
1.2578949564e+00 3.0782042102e-01 -9.5144447468e-01 3.0594275526e-01
1.2610396938e+00 3.0482686086e-01 -9.5240778288e-01 3.0294691302e-01
1.2641844312e+00 3.0183028616e-01 -9.5336167238e-01 2.9994799585e-01
1.2673291686e+00 2.9883072655e-01 -9.5430613373e-01 2.9694603226e-01
1.2704739060e+00 2.9582821169e-01 -9.5524115760e-01 2.9394105076e-01
1.2736186433e+00 2.9282277128e-01 -9.5616673474e-01 2.9093307993e-01
1.2767633807e+00 2.8981443503e-01 -9.5708285600e-01 2.8792214839e-01
1.2799081181e+00 2.8680323271e-01 -9.5798951232e-01 2.8490828482e-01
1.2830528555e+00 2.8378919409e-01 -9.5888669472e-01 2.8189151793e-01
1.2861975929e+00 2.8077234897e-01 -9.5977439435e-01 2.7887187649e-01
1.2893423303e+00 2.7775272719e-01 -9.6065260242e-01 2.7584938930e-01
1.2924870677e+00 2.7473035861e-01 -9.6152131025e-01 2.7282408521e-01
1.2956318051e+00 2.7170527312e-01 -9.6238050924e-01 2.6979599313e-01
1.2987765425e+00 2.6867750064e-01 -9.6323019089e-01 2.6676514200e-01
1.3019212799e+00 2.6564707111e-01 -9.6407034682e-01 2.6373156081e-01
1.3050660173e+00 2.6261401450e-01 -9.6490096869e-01 2.6069527861e-01
1.3082107546e+00 2.5957836080e-01 -9.6572204832e-01 2.5765632448e-01
1.3113554920e+00 2.5654014004e-01 -9.6653357756e-01 2.5461472755e-01
1.3145002294e+00 2.5349938226e-01 -9.6733554840e-01 2.5157051698e-01
1.3176449668e+00 2.5045611753e-01 -9.6812795290e-01 2.4852372201e-01
1.3207897042e+00 2.4741037595e-01 -9.6891078324e-01 2.4547437191e-01
1.3239344416e+00 2.4436218764e-01 -9.6968403166e-01 2.4242249597e-01
1.3270791790e+00 2.4131158274e-01 -9.7044769052e-01 2.3936812357e-01
1.3302239164e+00 2.3825859142e-01 -9.7120175227e-01 2.3631128410e-01
1.3333686538e+00 2.3520324388e-01 -9.7194620945e-01 2.3325200700e-01
1.3365133912e+00 2.3214557033e-01 -9.7268105470e-01 2.3019032178e-01
1.3396581286e+00 2.2908560100e-01 -9.7340628076e-01 2.2712625797e-01
1.3428028659e+00 2.2602336616e-01 -9.7412188044e-01 2.2405984515e-01
1.3459476033e+00 2.2295889609e-01 -9.7482784667e-01 2.2099111295e-01
1.3490923407e+00 2.1989222111e-01 -9.7552417248e-01 2.1792009104e-01
1.3522370781e+00 2.1682337153e-01 -9.7621085097e-01 2.1484680912e-01
1.3553818155e+00 2.1375237770e-01 -9.7688787536e-01 2.1177129697e-01
1.3585265529e+00 2.1067927000e-01 -9.7755523895e-01 2.0869358438e-01
1.3616712903e+00 2.0760407881e-01 -9.7821293513e-01 2.0561370120e-01
1.3648160277e+00 2.0452683455e-01 -9.7886095741e-01 2.0253167732e-01
1.3679607651e+00 2.0144756765e-01 -9.7949929938e-01 1.9944754267e-01
1.3711055025e+00 1.9836630856e-01 -9.8012795472e-01 1.9636132724e-01
1.3742502399e+00 1.9528308776e-01 -9.8074691722e-01 1.9327306102e-01
1.3773949772e+00 1.9219793572e-01 -9.8135618075e-01 1.9018277410e-01
1.3805397146e+00 1.8911088298e-01 -9.8195573930e-01 1.8709049657e-01
1.3836844520e+00 1.8602196004e-01 -9.8254558692e-01 1.8399625857e-01
1.3868291894e+00 1.8293119747e-01 -9.8312571780e-01 1.8090009031e-01
1.3899739268e+00 1.7983862583e-01 -9.8369612618e-01 1.7780202200e-01
1.3931186642e+00 1.7674427569e-01 -9.8425680643e-01 1.7470208392e-01
1.3962634016e+00 1.7364817767e-01 -9.8480775301e-01 1.7160030638e-01
1.3994081390e+00 1.7055036237e-01 -9.8534896047e-01 1.6849671973e-01
1.4025528764e+00 1.6745086044e-01 -9.8588042345e-01 1.6539135438e-01
1.4056976138e+00 1.6434970253e-01 -9.8640213670e-01 1.6228424074e-01
1.4088423512e+00 1.6124691931e-01 -9.8691409505e-01 1.5917540931e-01
1.4119870886e+00 1.5814254145e-01 -9.8741629346e-01 1.5606489059e-01
1.4151318259e+00 1.5503659966e-01 -9.8790872694e-01 1.5295271514e-01
1.4182765633e+00 1.5192912467e-01 -9.8839139063e-01 1.4983891355e-01
1.4214213007e+00 1.4882014718e-01 -9.8886427976e-01 1.4672351646e-01
1.4245660381e+00 1.4570969797e-01 -9.8932738965e-01 1.4360655454e-01
1.4277107755e+00 1.4259780777e-01 -9.8978071572e-01 1.4048805850e-01
1.4308555129e+00 1.3948450738e-01 -9.9022425349e-01 1.3736805908e-01
1.4340002503e+00 1.3636982757e-01 -9.9065799857e-01 1.3424658707e-01
1.4371449877e+00 1.3325379915e-01 -9.9108194667e-01 1.3112367330e-01
1.4402897251e+00 1.3013645293e-01 -9.9149609360e-01 1.2799934862e-01
1.4434344625e+00 1.2701781975e-01 -9.9190043526e-01 1.2487364394e-01
1.4465791999e+00 1.2389793044e-01 -9.9229496765e-01 1.2174659018e-01
1.4497239372e+00 1.2077681586e-01 -9.9267968688e-01 1.1861821832e-01
1.4528686746e+00 1.1765450687e-01 -9.9305458914e-01 1.1548855936e-01
1.4560134120e+00 1.1453103436e-01 -9.9341967072e-01 1.1235764434e-01
1.4591581494e+00 1.1140642920e-01 -9.9377492801e-01 1.0922550434e-01
1.4623028868e+00 1.0828072231e-01 -9.9412035749e-01 1.0609217046e-01
1.4654476242e+00 1.0515394459e-01 -9.9445595576e-01 1.0295767385e-01
1.4685923616e+00 1.0202612696e-01 -9.9478171948e-01 9.9822045696e-02
1.4717370990e+00 9.8897300364e-02 -9.9509764545e-01 9.6685317196e-02
1.4748818364e+00 9.5767495733e-02 -9.9540373053e-01 9.3547519598e-02
1.4780265738e+00 9.2636744022e-02 -9.9569997171e-01 9.0408684179e-02
1.4811713112e+00 8.9505076192e-02 -9.9598636604e-01 8.7268842246e-02
1.4843160485e+00 8.6372523215e-02 -9.9626291070e-01 8.4128025139e-02
1.4874607859e+00 8.3239116067e-02 -9.9652960295e-01 8.0986264230e-02
1.4906055233e+00 8.0104885738e-02 -9.9678644016e-01 7.7843590919e-02
1.4937502607e+00 7.6969863222e-02 -9.9703341978e-01 7.4700036639e-02
1.4968949981e+00 7.3834079523e-02 -9.9727053937e-01 7.1555632852e-02
1.5000397355e+00 7.0697565652e-02 -9.9749779659e-01 6.8410411048e-02
1.5031844729e+00 6.7560352627e-02 -9.9771518920e-01 6.5264402748e-02
1.5063292103e+00 6.4422471473e-02 -9.9792271503e-01 6.2117639500e-02
1.5094739477e+00 6.1283953221e-02 -9.9812037204e-01 5.8970152880e-02
1.5126186851e+00 5.8144828910e-02 -9.9830815827e-01 5.5821974492e-02
1.5157634225e+00 5.5005129584e-02 -9.9848607187e-01 5.2673135967e-02
1.5189081598e+00 5.1864886292e-02 -9.9865411108e-01 4.9523668962e-02
1.5220528972e+00 4.8724130089e-02 -9.9881227423e-01 4.6373605160e-02
1.5251976346e+00 4.5582892036e-02 -9.9896055976e-01 4.3222976270e-02
1.5283423720e+00 4.2441203196e-02 -9.9909896620e-01 4.0071814026e-02
1.5314871094e+00 3.9299094640e-02 -9.9922749220e-01 3.6920150185e-02
1.5346318468e+00 3.6156597441e-02 -9.9934613646e-01 3.3768016530e-02
1.5377765842e+00 3.3013742676e-02 -9.9945489783e-01 3.0615444865e-02
1.5409213216e+00 2.9870561426e-02 -9.9955377522e-01 2.7462467019e-02
1.5440660590e+00 2.6727084776e-02 -9.9964276766e-01 2.4309114843e-02
1.5472107964e+00 2.3583343811e-02 -9.9972187427e-01 2.1155420209e-02
1.5503555338e+00 2.0439369622e-02 -9.9979109426e-01 1.8001415009e-02
1.5535002711e+00 1.7295193301e-02 -9.9985042696e-01 1.4847131160e-02
1.5566450085e+00 1.4150845941e-02 -9.9989987177e-01 1.1692600593e-02
1.5597897459e+00 1.1006358638e-02 -9.9993942820e-01 8.5378552648e-03
1.5629344833e+00 7.8617624895e-03 -9.9996909587e-01 5.3829271465e-03
1.5660792207e+00 4.7170885930e-03 -9.9998887448e-01 2.2278482298e-03
1.5692239581e+00 1.5723680476e-03 -9.9999876383e-01 -9.2734947610e-04
1.5723686955e+00 -1.5723680476e-03 -9.9999876383e-01 -4.0826339449e-03
1.5755134329e+00 -4.7170885930e-03 -9.9998887448e-01 -7.2379731337e-03
1.5786581703e+00 -7.8617624895e-03 -9.9996909587e-01 -1.0393334983e-02
1.5818029077e+00 -1.1006358638e-02 -9.9993942820e-01 -1.3548687419e-02
1.5849476451e+00 -1.4150845941e-02 -9.9989987177e-01 -1.6703998351e-02
1.5880923824e+00 -1.7295193301e-02 -9.9985042696e-01 -1.9859235675e-02
1.5912371198e+00 -2.0439369622e-02 -9.9979109426e-01 -2.3014367275e-02
1.5943818572e+00 -2.3583343811e-02 -9.9972187427e-01 -2.6169361019e-02
1.5975265946e+00 -2.6727084776e-02 -9.9964276766e-01 -2.9324184765e-02
1.6006713320e+00 -2.9870561426e-02 -9.9955377522e-01 -3.2478806357e-02
1.6038160694e+00 -3.3013742676e-02 -9.9945489783e-01 -3.5633193629e-02
1.6069608068e+00 -3.6156597441e-02 -9.9934613646e-01 -3.8787314404e-02
1.6101055442e+00 -3.9299094640e-02 -9.9922749220e-01 -4.1941136495e-02
1.6132502816e+00 -4.2441203196e-02 -9.9909896620e-01 -4.5094627706e-02
1.6163950190e+00 -4.5582892036e-02 -9.9896055976e-01 -4.8247755833e-02
1.6195397564e+00 -4.8724130089e-02 -9.9881227423e-01 -5.1400488661e-02
1.6226844937e+00 -5.1864886292e-02 -9.9865411108e-01 -5.4552793970e-02
1.6258292311e+00 -5.5005129584e-02 -9.9848607187e-01 -5.7704639533e-02
1.6289739685e+00 -5.8144828910e-02 -9.9830815827e-01 -6.0855993117e-02
1.6321187059e+00 -6.1283953221e-02 -9.9812037204e-01 -6.4006822481e-02
1.6352634433e+00 -6.4422471473e-02 -9.9792271503e-01 -6.7157095383e-02
1.6384081807e+00 -6.7560352627e-02 -9.9771518920e-01 -7.0306779573e-02
1.6415529181e+00 -7.0697565652e-02 -9.9749779659e-01 -7.3455842800e-02
1.6446976555e+00 -7.3834079523e-02 -9.9727053937e-01 -7.6604252808e-02
1.6478423929e+00 -7.6969863222e-02 -9.9703341978e-01 -7.9751977342e-02
1.6509871303e+00 -8.0104885738e-02 -9.9678644016e-01 -8.2898984142e-02
1.6541318677e+00 -8.3239116067e-02 -9.9652960295e-01 -8.6045240948e-02
1.6572766050e+00 -8.6372523215e-02 -9.9626291070e-01 -8.9190715501e-02
1.6604213424e+00 -8.9505076192e-02 -9.9598636604e-01 -9.2335375540e-02
1.6635660798e+00 -9.2636744022e-02 -9.9569997171e-01 -9.5479188808e-02
1.6667108172e+00 -9.5767495733e-02 -9.9540373053e-01 -9.8622123046e-02
1.6698555546e+00 -9.8897300364e-02 -9.9509764545e-01 -1.0176414600e-01
1.6730002920e+00 -1.0202612696e-01 -9.9478171948e-01 -1.0490522542e-01
1.6761450294e+00 -1.0515394459e-01 -9.9445595576e-01 -1.0804532906e-01
1.6792897668e+00 -1.0828072231e-01 -9.9412035749e-01 -1.1118442467e-01
1.6824345042e+00 -1.1140642920e-01 -9.9377492801e-01 -1.1432248002e-01
1.6855792416e+00 -1.1453103436e-01 -9.9341967072e-01 -1.1745946287e-01
1.6887239790e+00 -1.1765450687e-01 -9.9305458914e-01 -1.2059534100e-01
1.6918687163e+00 -1.2077681586e-01 -9.9267968688e-01 -1.2373008219e-01
1.6950134537e+00 -1.2389793044e-01 -9.9229496765e-01 -1.2686365422e-01
1.6981581911e+00 -1.2701781975e-01 -9.9190043526e-01 -1.2999602490e-01
1.7013029285e+00 -1.3013645293e-01 -9.9149609360e-01 -1.3312716203e-01
1.7044476659e+00 -1.3325379915e-01 -9.9108194667e-01 -1.3625703342e-01
1.7075924033e+00 -1.3636982757e-01 -9.9065799857e-01 -1.3938560691e-01
1.7107371407e+00 -1.3948450738e-01 -9.9022425349e-01 -1.4251285033e-01
1.7138818781e+00 -1.4259780777e-01 -9.8978071572e-01 -1.4563873152e-01
1.7170266155e+00 -1.4570969797e-01 -9.8932738965e-01 -1.4876321836e-01
1.7201713529e+00 -1.4882014718e-01 -9.8886427976e-01 -1.5188627871e-01
1.7233160903e+00 -1.5192912467e-01 -9.8839139063e-01 -1.5500788047e-01
1.7264608276e+00 -1.5503659966e-01 -9.8790872694e-01 -1.5812799154e-01
1.7296055650e+00 -1.5814254145e-01 -9.8741629346e-01 -1.6124657984e-01
1.7327503024e+00 -1.6124691931e-01 -9.8691409505e-01 -1.6436361330e-01
1.7358950398e+00 -1.6434970253e-01 -9.8640213670e-01 -1.6747905988e-01
1.7390397772e+00 -1.6745086044e-01 -9.8588042345e-01 -1.7059288753e-01
1.7421845146e+00 -1.7055036237e-01 -9.8534896047e-01 -1.7370506426e-01
1.7453292520e+00 -1.7364817767e-01 -9.8480775301e-01 -1.7681555806e-01
1.7484739894e+00 -1.7674427569e-01 -9.8425680643e-01 -1.7992433696e-01
1.7516187268e+00 -1.7983862583e-01 -9.8369612618e-01 -1.8303136900e-01
1.7547634642e+00 -1.8293119747e-01 -9.8312571780e-01 -1.8613662224e-01
1.7579082016e+00 -1.8602196004e-01 -9.8254558692e-01 -1.8924006478e-01
1.7610529389e+00 -1.8911088298e-01 -9.8195573930e-01 -1.9234166471e-01
1.7641976763e+00 -1.9219793572e-01 -9.8135618075e-01 -1.9544139018e-01
1.7673424137e+00 -1.9528308776e-01 -9.8074691722e-01 -1.9853920933e-01
1.7704871511e+00 -1.9836630856e-01 -9.8012795472e-01 -2.0163509035e-01
1.7736318885e+00 -2.0144756765e-01 -9.7949929938e-01 -2.0472900142e-01
1.7767766259e+00 -2.0452683455e-01 -9.7886095741e-01 -2.0782091079e-01
1.7799213633e+00 -2.0760407881e-01 -9.7821293513e-01 -2.1091078669e-01
1.7830661007e+00 -2.1067927000e-01 -9.7755523895e-01 -2.1399859742e-01
1.7862108381e+00 -2.1375237770e-01 -9.7688787536e-01 -2.1708431128e-01
1.7893555755e+00 -2.1682337153e-01 -9.7621085097e-01 -2.2016789661e-01
1.7925003129e+00 -2.1989222111e-01 -9.7552417248e-01 -2.2324932175e-01
1.7956450503e+00 -2.2295889609e-01 -9.7482784667e-01 -2.2632855512e-01
1.7987897876e+00 -2.2602336616e-01 -9.7412188044e-01 -2.2940556512e-01
1.8019345250e+00 -2.2908560100e-01 -9.7340628076e-01 -2.3248032022e-01
1.8050792624e+00 -2.3214557033e-01 -9.7268105470e-01 -2.3555278889e-01
1.8082239998e+00 -2.3520324388e-01 -9.7194620945e-01 -2.3862293964e-01
1.8113687372e+00 -2.3825859142e-01 -9.7120175227e-01 -2.4169074103e-01
1.8145134746e+00 -2.4131158274e-01 -9.7044769052e-01 -2.4475616163e-01
1.8176582120e+00 -2.4436218764e-01 -9.6968403166e-01 -2.4781917006e-01
1.8208029494e+00 -2.4741037595e-01 -9.6891078324e-01 -2.5087973495e-01
1.8239476868e+00 -2.5045611753e-01 -9.6812795290e-01 -2.5393782500e-01
1.8270924242e+00 -2.5349938226e-01 -9.6733554840e-01 -2.5699340892e-01
1.8302371616e+00 -2.5654014004e-01 -9.6653357756e-01 -2.6004645546e-01
1.8333818989e+00 -2.5957836080e-01 -9.6572204832e-01 -2.6309693341e-01
1.8365266363e+00 -2.6261401450e-01 -9.6490096869e-01 -2.6614481159e-01
1.8396713737e+00 -2.6564707111e-01 -9.6407034682e-01 -2.6919005887e-01
1.8428161111e+00 -2.6867750064e-01 -9.6323019089e-01 -2.7223264415e-01
1.8459608485e+00 -2.7170527312e-01 -9.6238050924e-01 -2.7527253637e-01
1.8491055859e+00 -2.7473035861e-01 -9.6152131025e-01 -2.7830970451e-01
1.8522503233e+00 -2.7775272719e-01 -9.6065260242e-01 -2.8134411759e-01
1.8553950607e+00 -2.8077234897e-01 -9.5977439435e-01 -2.8437574466e-01
1.8585397981e+00 -2.8378919409e-01 -9.5888669472e-01 -2.8740455483e-01
1.8616845355e+00 -2.8680323271e-01 -9.5798951232e-01 -2.9043051724e-01
1.8648292729e+00 -2.8981443503e-01 -9.5708285600e-01 -2.9345360107e-01
1.8679740102e+00 -2.9282277128e-01 -9.5616673474e-01 -2.9647377555e-01
1.8711187476e+00 -2.9582821169e-01 -9.5524115760e-01 -2.9949100995e-01
1.8742634850e+00 -2.9883072655e-01 -9.5430613373e-01 -3.0250527359e-01
1.8774082224e+00 -3.0183028616e-01 -9.5336167238e-01 -3.0551653582e-01
1.8805529598e+00 -3.0482686086e-01 -9.5240778288e-01 -3.0852476604e-01
1.8836976972e+00 -3.0782042102e-01 -9.5144447468e-01 -3.1152993371e-01
1.8868424346e+00 -3.1081093703e-01 -9.5047175730e-01 -3.1453200831e-01
1.8899871720e+00 -3.1379837931e-01 -9.4948964035e-01 -3.1753095939e-01
1.8931319094e+00 -3.1678271833e-01 -9.4849813356e-01 -3.2052675653e-01
1.8962766468e+00 -3.1976392457e-01 -9.4749724672e-01 -3.2351936936e-01
1.8994213842e+00 -3.2274196855e-01 -9.4648698973e-01 -3.2650876758e-01
1.9025661215e+00 -3.2571682081e-01 -9.4546737259e-01 -3.2949492090e-01
1.9057108589e+00 -3.2868845194e-01 -9.4443840538e-01 -3.3247779911e-01
1.9088555963e+00 -3.3165683256e-01 -9.4340009827e-01 -3.3545737203e-01
1.9120003337e+00 -3.3462193329e-01 -9.4235246153e-01 -3.3843360955e-01
1.9151450711e+00 -3.3758372483e-01 -9.4129550553e-01 -3.4140648159e-01
1.9182898085e+00 -3.4054217788e-01 -9.4022924071e-01 -3.4437595812e-01
1.9214345459e+00 -3.4349726318e-01 -9.3915367762e-01 -3.4734200919e-01
1.9245792833e+00 -3.4644895151e-01 -9.3806882690e-01 -3.5030460486e-01
1.9277240207e+00 -3.4939721369e-01 -9.3697469927e-01 -3.5326371527e-01
1.9308687581e+00 -3.5234202054e-01 -9.3587130555e-01 -3.5621931061e-01
1.9340134955e+00 -3.5528334296e-01 -9.3475865667e-01 -3.5917136111e-01
1.9371582328e+00 -3.5822115185e-01 -9.3363676361e-01 -3.6211983707e-01
1.9403029702e+00 -3.6115541816e-01 -9.3250563748e-01 -3.6506470883e-01
1.9434477076e+00 -3.6408611288e-01 -9.3136528946e-01 -3.6800594678e-01
1.9465924450e+00 -3.6701320701e-01 -9.3021573083e-01 -3.7094352138e-01
1.9497371824e+00 -3.6993667161e-01 -9.2905697295e-01 -3.7387740314e-01
1.9528819198e+00 -3.7285647778e-01 -9.2788902730e-01 -3.7680756262e-01
1.9560266572e+00 -3.7577259663e-01 -9.2671190541e-01 -3.7973397044e-01
1.9591713946e+00 -3.7868499933e-01 -9.2552561892e-01 -3.8265659727e-01
1.9623161320e+00 -3.8159365708e-01 -9.2433017958e-01 -3.8557541384e-01
1.9654608694e+00 -3.8449854111e-01 -9.2312559919e-01 -3.8849039094e-01
1.9686056068e+00 -3.8739962269e-01 -9.2191188969e-01 -3.9140149942e-01
1.9717503441e+00 -3.9029687313e-01 -9.2068906305e-01 -3.9430871017e-01
1.9748950815e+00 -3.9319026379e-01 -9.1945713139e-01 -3.9721199415e-01
1.9780398189e+00 -3.9607976604e-01 -9.1821610688e-01 -4.0011132238e-01
1.9811845563e+00 -3.9896535132e-01 -9.1696600180e-01 -4.0300666594e-01
1.9843292937e+00 -4.0184699108e-01 -9.1570682850e-01 -4.0589799596e-01
1.9874740311e+00 -4.0472465683e-01 -9.1443859945e-01 -4.0878528362e-01
1.9906187685e+00 -4.0759832011e-01 -9.1316132717e-01 -4.1166850019e-01
1.9937635059e+00 -4.1046795250e-01 -9.1187502432e-01 -4.1454761698e-01
1.9969082433e+00 -4.1333352563e-01 -9.1057970359e-01 -4.1742260534e-01
2.0000529807e+00 -4.1619501114e-01 -9.0927537781e-01 -4.2029343673e-01
2.0031977181e+00 -4.1905238076e-01 -9.0796205988e-01 -4.2316008262e-01
2.0063424554e+00 -4.2190560621e-01 -9.0663976278e-01 -4.2602251457e-01
2.0094871928e+00 -4.2475465928e-01 -9.0530849958e-01 -4.2888070419e-01
2.0126319302e+00 -4.2759951180e-01 -9.0396828346e-01 -4.3173462317e-01
2.0157766676e+00 -4.3044013564e-01 -9.0261912767e-01 -4.3458424322e-01
2.0189214050e+00 -4.3327650269e-01 -9.0126104555e-01 -4.3742953615e-01
2.0220661424e+00 -4.3610858491e-01 -8.9989405052e-01 -4.4027047382e-01
2.0252108798e+00 -4.3893635430e-01 -8.9851815612e-01 -4.4310702815e-01
2.0283556172e+00 -4.4175978288e-01 -8.9713337594e-01 -4.4593917112e-01
2.0315003546e+00 -4.4457884274e-01 -8.9573972369e-01 -4.4876687478e-01
2.0346450920e+00 -4.4739350600e-01 -8.9433721313e-01 -4.5159011124e-01
2.0377898294e+00 -4.5020374482e-01 -8.9292585815e-01 -4.5440885267e-01
2.0409345667e+00 -4.5300953141e-01 -8.9150567270e-01 -4.5722307130e-01
2.0440793041e+00 -4.5581083802e-01 -8.9007667082e-01 -4.6003273944e-01
2.0472240415e+00 -4.5860763696e-01 -8.8863886665e-01 -4.6283782943e-01
2.0503687789e+00 -4.6139990055e-01 -8.8719227441e-01 -4.6563831372e-01
2.0535135163e+00 -4.6418760120e-01 -8.8573690840e-01 -4.6843416478e-01
2.0566582537e+00 -4.6697071132e-01 -8.8427278301e-01 -4.7122535517e-01
2.0598029911e+00 -4.6974920340e-01 -8.8279991272e-01 -4.7401185751e-01
2.0629477285e+00 -4.7252304996e-01 -8.8131831211e-01 -4.7679364448e-01
2.0660924659e+00 -4.7529222356e-01 -8.7982799582e-01 -4.7957068882e-01
2.0692372033e+00 -4.7805669683e-01 -8.7832897858e-01 -4.8234296335e-01
2.0723819407e+00 -4.8081644242e-01 -8.7682127523e-01 -4.8511044094e-01
2.0755266780e+00 -4.8357143304e-01 -8.7530490068e-01 -4.8787309452e-01
2.0786714154e+00 -4.8632164144e-01 -8.7377986991e-01 -4.9063089711e-01
2.0818161528e+00 -4.8906704044e-01 -8.7224619802e-01 -4.9338382178e-01
2.0849608902e+00 -4.9180760287e-01 -8.7070390017e-01 -4.9613184165e-01
2.0881056276e+00 -4.9454330163e-01 -8.6915299160e-01 -4.9887492994e-01
2.0912503650e+00 -4.9727410968e-01 -8.6759348767e-01 -5.0161305989e-01
2.0943951024e+00 -5.0000000000e-01 -8.6602540378e-01 -5.0434620486e-01
2.0975398398e+00 -5.0272094564e-01 -8.6444875546e-01 -5.0707433822e-01
2.1006845772e+00 -5.0543691969e-01 -8.6286355829e-01 -5.0979743345e-01
2.1038293146e+00 -5.0814789528e-01 -8.6126982794e-01 -5.1251546407e-01
2.1069740520e+00 -5.1085384562e-01 -8.5966758018e-01 -5.1522840368e-01
2.1101187893e+00 -5.1355474394e-01 -8.5805683086e-01 -5.1793622592e-01
2.1132635267e+00 -5.1625056353e-01 -8.5643759589e-01 -5.2063890454e-01
2.1164082641e+00 -5.1894127772e-01 -8.5480989131e-01 -5.2333641331e-01
2.1195530015e+00 -5.2162685992e-01 -8.5317373319e-01 -5.2602872609e-01
2.1226977389e+00 -5.2430728356e-01 -8.5152913773e-01 -5.2871581682e-01
2.1258424763e+00 -5.2698252213e-01 -8.4987612119e-01 -5.3139765946e-01
2.1289872137e+00 -5.2965254918e-01 -8.4821469991e-01 -5.3407422808e-01
2.1321319511e+00 -5.3231733830e-01 -8.4654489033e-01 -5.3674549681e-01
2.1352766885e+00 -5.3497686314e-01 -8.4486670896e-01 -5.3941143981e-01
2.1384214259e+00 -5.3763109740e-01 -8.4318017239e-01 -5.4207203135e-01
2.1415661633e+00 -5.4028001483e-01 -8.4148529730e-01 -5.4472724574e-01
2.1447109006e+00 -5.4292358924e-01 -8.3978210046e-01 -5.4737705737e-01
2.1478556380e+00 -5.4556179447e-01 -8.3807059871e-01 -5.5002144068e-01
2.1510003754e+00 -5.4819460444e-01 -8.3635080897e-01 -5.5266037019e-01
2.1541451128e+00 -5.5082199312e-01 -8.3462274825e-01 -5.5529382049e-01
2.1572898502e+00 -5.5344393452e-01 -8.3288643364e-01 -5.5792176621e-01
2.1604345876e+00 -5.5606040271e-01 -8.3114188232e-01 -5.6054418207e-01
2.1635793250e+00 -5.5867137181e-01 -8.2938911153e-01 -5.6316104286e-01
2.1667240624e+00 -5.6127681601e-01 -8.2762813860e-01 -5.6577232341e-01
2.1698687998e+00 -5.6387670954e-01 -8.2585898096e-01 -5.6837799863e-01
2.1730135372e+00 -5.6647102669e-01 -8.2408165610e-01 -5.7097804350e-01
2.1761582746e+00 -5.6905974179e-01 -8.2229618160e-01 -5.7357243306e-01
2.1793030119e+00 -5.7164282926e-01 -8.2050257511e-01 -5.7616114242e-01
2.1824477493e+00 -5.7422026354e-01 -8.1870085437e-01 -5.7874414675e-01
2.1855924867e+00 -5.7679201915e-01 -8.1689103719e-01 -5.8132142129e-01
2.1887372241e+00 -5.7935807065e-01 -8.1507314149e-01 -5.8389294133e-01
2.1918819615e+00 -5.8191839267e-01 -8.1324718522e-01 -5.8645868226e-01
2.1950266989e+00 -5.8447295988e-01 -8.1141318646e-01 -5.8901861949e-01
2.1981714363e+00 -5.8702174703e-01 -8.0957116334e-01 -5.9157272854e-01
2.2013161737e+00 -5.8956472891e-01 -8.0772113407e-01 -5.9412098495e-01
2.2044609111e+00 -5.9210188036e-01 -8.0586311696e-01 -5.9666336437e-01
2.2076056485e+00 -5.9463317630e-01 -8.0399713037e-01 -5.9919984248e-01
2.2107503859e+00 -5.9715859170e-01 -8.0212319276e-01 -6.0173039504e-01
2.2138951233e+00 -5.9967810158e-01 -8.0024132265e-01 -6.0425499788e-01
2.2170398606e+00 -6.0219168103e-01 -7.9835153867e-01 -6.0677362688e-01
2.2201845980e+00 -6.0469930518e-01 -7.9645385950e-01 -6.0928625799e-01
2.2233293354e+00 -6.0720094923e-01 -7.9454830391e-01 -6.1179286722e-01
2.2264740728e+00 -6.0969658846e-01 -7.9263489074e-01 -6.1429343067e-01
2.2296188102e+00 -6.1218619817e-01 -7.9071363892e-01 -6.1678792446e-01
2.2327635476e+00 -6.1466975375e-01 -7.8878456743e-01 -6.1927632482e-01
2.2359082850e+00 -6.1714723064e-01 -7.8684769537e-01 -6.2175860801e-01
2.2390530224e+00 -6.1961860433e-01 -7.8490304189e-01 -6.2423475036e-01
2.2421977598e+00 -6.2208385039e-01 -7.8295062621e-01 -6.2670472828e-01
2.2453424972e+00 -6.2454294444e-01 -7.8099046765e-01 -6.2916851823e-01
2.2484872346e+00 -6.2699586215e-01 -7.7902258558e-01 -6.3162609673e-01
2.2516319719e+00 -6.2944257927e-01 -7.7704699948e-01 -6.3407744038e-01
2.2547767093e+00 -6.3188307160e-01 -7.7506372888e-01 -6.3652252582e-01
2.2579214467e+00 -6.3431731501e-01 -7.7307279339e-01 -6.3896132977e-01
2.2610661841e+00 -6.3674528543e-01 -7.7107421270e-01 -6.4139382902e-01
2.2642109215e+00 -6.3916695883e-01 -7.6906800657e-01 -6.4382000039e-01
2.2673556589e+00 -6.4158231129e-01 -7.6705419486e-01 -6.4623982080e-01
2.2705003963e+00 -6.4399131890e-01 -7.6503279746e-01 -6.4865326721e-01
2.2736451337e+00 -6.4639395784e-01 -7.6300383437e-01 -6.5106031665e-01
2.2767898711e+00 -6.4879020436e-01 -7.6096732566e-01 -6.5346094621e-01
2.2799346085e+00 -6.5118003476e-01 -7.5892329147e-01 -6.5585513304e-01
2.2830793459e+00 -6.5356342540e-01 -7.5687175200e-01 -6.5824285436e-01
2.2862240832e+00 -6.5594035271e-01 -7.5481272756e-01 -6.6062408745e-01
2.2893688206e+00 -6.5831079319e-01 -7.5274623850e-01 -6.6299880963e-01
2.2925135580e+00 -6.6067472339e-01 -7.5067230525e-01 -6.6536699832e-01
2.2956582954e+00 -6.6303211994e-01 -7.4859094833e-01 -6.6772863097e-01
2.2988030328e+00 -6.6538295952e-01 -7.4650218833e-01 -6.7008368510e-01
2.3019477702e+00 -6.6772721889e-01 -7.4440604589e-01 -6.7243213831e-01
2.3050925076e+00 -6.7006487486e-01 -7.4230254175e-01 -6.7477396822e-01
2.3082372450e+00 -6.7239590431e-01 -7.4019169670e-01 -6.7710915256e-01
2.3113819824e+00 -6.7472028419e-01 -7.3807353163e-01 -6.7943766908e-01
2.3145267198e+00 -6.7703799152e-01 -7.3594806748e-01 -6.8175949561e-01
2.3176714572e+00 -6.7934900338e-01 -7.3381532528e-01 -6.8407461004e-01
2.3208161945e+00 -6.8165329690e-01 -7.3167532610e-01 -6.8638299031e-01
2.3239609319e+00 -6.8395084930e-01 -7.2952809112e-01 -6.8868461444e-01
2.3271056693e+00 -6.8624163787e-01 -7.2737364157e-01 -6.9097946049e-01
2.3302504067e+00 -6.8852563994e-01 -7.2521199876e-01 -6.9326750659e-01
2.3333951441e+00 -6.9080283293e-01 -7.2304318406e-01 -6.9554873092e-01
2.3365398815e+00 -6.9307319432e-01 -7.2086721892e-01 -6.9782311174e-01
2.3396846189e+00 -6.9533670165e-01 -7.1868412487e-01 -7.0009062735e-01
2.3428293563e+00 -6.9759333255e-01 -7.1649392348e-01 -7.0235125612e-01
2.3459740937e+00 -6.9984306469e-01 -7.1429663643e-01 -7.0460497646e-01
2.3491188311e+00 -7.0208587582e-01 -7.1209228543e-01 -7.0685176688e-01
2.3522635685e+00 -7.0432174378e-01 -7.0988089229e-01 -7.0909160590e-01
2.3554083058e+00 -7.0655064643e-01 -7.0766247889e-01 -7.1132447215e-01
2.3585530432e+00 -7.0877256175e-01 -7.0543706715e-01 -7.1355034426e-01
2.3616977806e+00 -7.1098746777e-01 -7.0320467908e-01 -7.1576920098e-01
2.3648425180e+00 -7.1319534256e-01 -7.0096533677e-01 -7.1798102107e-01
2.3679872554e+00 -7.1539616431e-01 -6.9871906235e-01 -7.2018578337e-01
2.3711319928e+00 -7.1758991124e-01 -6.9646587805e-01 -7.2238346678e-01
2.3742767302e+00 -7.1977656166e-01 -6.9420580614e-01 -7.2457405026e-01
2.3774214676e+00 -7.2195609395e-01 -6.9193886898e-01 -7.2675751282e-01
2.3805662050e+00 -7.2412848656e-01 -6.8966508898e-01 -7.2893383353e-01
2.3837109424e+00 -7.2629371799e-01 -6.8738448863e-01 -7.3110299152e-01
2.3868556798e+00 -7.2845176684e-01 -6.8509709048e-01 -7.3326496598e-01
2.3900004171e+00 -7.3060261176e-01 -6.8280291716e-01 -7.3541973615e-01
2.3931451545e+00 -7.3274623149e-01 -6.8050199136e-01 -7.3756728134e-01
2.3962898919e+00 -7.3488260482e-01 -6.7819433581e-01 -7.3970758090e-01
2.3994346293e+00 -7.3701171063e-01 -6.7587997336e-01 -7.4184061427e-01
2.4025793667e+00 -7.3913352786e-01 -6.7355892689e-01 -7.4396636091e-01
2.4057241041e+00 -7.4124803553e-01 -6.7123121934e-01 -7.4608480036e-01
2.4088688415e+00 -7.4335521273e-01 -6.6889687374e-01 -7.4819591221e-01
2.4120135789e+00 -7.4545503862e-01 -6.6655591318e-01 -7.5029967612e-01
2.4151583163e+00 -7.4754749243e-01 -6.6420836081e-01 -7.5239607178e-01
2.4183030537e+00 -7.4963255347e-01 -6.6185423983e-01 -7.5448507897e-01
2.4214477911e+00 -7.5171020112e-01 -6.5949357354e-01 -7.5656667751e-01
2.4245925284e+00 -7.5378041483e-01 -6.5712638527e-01 -7.5864084728e-01
2.4277372658e+00 -7.5584317413e-01 -6.5475269844e-01 -7.6070756822e-01
2.4308820032e+00 -7.5789845863e-01 -6.5237253652e-01 -7.6276682031e-01
2.4340267406e+00 -7.5994624799e-01 -6.4998592305e-01 -7.6481858362e-01
2.4371714780e+00 -7.6198652196e-01 -6.4759288164e-01 -7.6686283825e-01
2.4403162154e+00 -7.6401926037e-01 -6.4519343594e-01 -7.6889956438e-01
2.4434609528e+00 -7.6604444312e-01 -6.4278760969e-01 -7.7092874222e-01
2.4466056902e+00 -7.6806205017e-01 -6.4037542667e-01 -7.7295035205e-01
2.4497504276e+00 -7.7007206158e-01 -6.3795691075e-01 -7.7496437423e-01
2.4528951650e+00 -7.7207445746e-01 -6.3553208584e-01 -7.7697078914e-01
2.4560399024e+00 -7.7406921802e-01 -6.3310097593e-01 -7.7896957725e-01
2.4591846397e+00 -7.7605632352e-01 -6.3066360504e-01 -7.8096071906e-01
2.4623293771e+00 -7.7803575432e-01 -6.2821999730e-01 -7.8294419514e-01
2.4654741145e+00 -7.8000749084e-01 -6.2577017685e-01 -7.8491998612e-01
2.4686188519e+00 -7.8197151358e-01 -6.2331416794e-01 -7.8688807269e-01
2.4717635893e+00 -7.8392780312e-01 -6.2085199484e-01 -7.8884843559e-01
2.4749083267e+00 -7.8587634011e-01 -6.1838368192e-01 -7.9080105562e-01
2.4780530641e+00 -7.8781710528e-01 -6.1590925357e-01 -7.9274591365e-01
2.4811978015e+00 -7.8975007944e-01 -6.1342873427e-01 -7.9468299058e-01
2.4843425389e+00 -7.9167524347e-01 -6.1094214855e-01 -7.9661226740e-01
2.4874872763e+00 -7.9359257834e-01 -6.0844952099e-01 -7.9853372513e-01
2.4906320137e+00 -7.9550206509e-01 -6.0595087626e-01 -8.0044734488e-01
2.4937767510e+00 -7.9740368482e-01 -6.0344623906e-01 -8.0235310778e-01
2.4969214884e+00 -7.9929741873e-01 -6.0093563416e-01 -8.0425099506e-01
2.5000662258e+00 -8.0118324810e-01 -5.9841908639e-01 -8.0614098797e-01
2.5032109632e+00 -8.0306115428e-01 -5.9589662063e-01 -8.0802306785e-01
2.5063557006e+00 -8.0493111870e-01 -5.9336826184e-01 -8.0989721608e-01
2.5095004380e+00 -8.0679312285e-01 -5.9083403501e-01 -8.1176341411e-01
2.5126451754e+00 -8.0864714833e-01 -5.8829396520e-01 -8.1362164343e-01
2.5157899128e+00 -8.1049317681e-01 -5.8574807754e-01 -8.1547188562e-01
2.5189346502e+00 -8.1233119002e-01 -5.8319639721e-01 -8.1731412230e-01
2.5220793876e+00 -8.1416116980e-01 -5.8063894943e-01 -8.1914833514e-01
2.5252241250e+00 -8.1598309803e-01 -5.7807575950e-01 -8.2097450590e-01
2.5283688623e+00 -8.1779695672e-01 -5.7550685277e-01 -8.2279261638e-01
2.5315135997e+00 -8.1960272791e-01 -5.7293225464e-01 -8.2460264843e-01
2.5346583371e+00 -8.2140039374e-01 -5.7035199058e-01 -8.2640458400e-01
2.5378030745e+00 -8.2318993645e-01 -5.6776608609e-01 -8.2819840505e-01
2.5409478119e+00 -8.2497133834e-01 -5.6517456677e-01 -8.2998409364e-01
2.5440925493e+00 -8.2674458178e-01 -5.6257745822e-01 -8.3176163187e-01
2.5472372867e+00 -8.2850964924e-01 -5.5997478614e-01 -8.3353100192e-01
2.5503820241e+00 -8.3026652327e-01 -5.5736657626e-01 -8.3529218602e-01
2.5535267615e+00 -8.3201518649e-01 -5.5475285438e-01 -8.3704516645e-01
2.5566714989e+00 -8.3375562161e-01 -5.5213364635e-01 -8.3878992558e-01
2.5598162363e+00 -8.3548781141e-01 -5.4950897807e-01 -8.4052644583e-01
2.5629609736e+00 -8.3721173877e-01 -5.4687887549e-01 -8.4225470967e-01
2.5661057110e+00 -8.3892738664e-01 -5.4424336463e-01 -8.4397469964e-01
2.5692504484e+00 -8.4063473805e-01 -5.4160247155e-01 -8.4568639837e-01
2.5723951858e+00 -8.4233377611e-01 -5.3895622236e-01 -8.4738978851e-01
2.5755399232e+00 -8.4402448403e-01 -5.3630464324e-01 -8.4908485281e-01
2.5786846606e+00 -8.4570684508e-01 -5.3364776040e-01 -8.5077157407e-01
2.5818293980e+00 -8.4738084263e-01 -5.3098560013e-01 -8.5244993515e-01
2.5849741354e+00 -8.4904646012e-01 -5.2831818875e-01 -8.5411991898e-01
2.5881188728e+00 -8.5070368108e-01 -5.2564555263e-01 -8.5578150857e-01
2.5912636102e+00 -8.5235248912e-01 -5.2296771822e-01 -8.5743468696e-01
2.5944083476e+00 -8.5399286793e-01 -5.2028471198e-01 -8.5907943729e-01
2.5975530850e+00 -8.5562480130e-01 -5.1759656046e-01 -8.6071574276e-01
2.6006978223e+00 -8.5724827308e-01 -5.1490329024e-01 -8.6234358663e-01
2.6038425597e+00 -8.5886326722e-01 -5.1220492795e-01 -8.6396295223e-01
2.6069872971e+00 -8.6046976775e-01 -5.0950150028e-01 -8.6557382295e-01
2.6101320345e+00 -8.6206775878e-01 -5.0679303397e-01 -8.6717618226e-01
2.6132767719e+00 -8.6365722450e-01 -5.0407955579e-01 -8.6877001370e-01
2.6164215093e+00 -8.6523814920e-01 -5.0136109259e-01 -8.7035530087e-01
2.6195662467e+00 -8.6681051725e-01 -4.9863767124e-01 -8.7193202745e-01
2.6227109841e+00 -8.6837431309e-01 -4.9590931868e-01 -8.7350017717e-01
2.6258557215e+00 -8.6992952127e-01 -4.9317606190e-01 -8.7505973386e-01
2.6290004589e+00 -8.7147612639e-01 -4.9043792792e-01 -8.7661068139e-01
2.6321451963e+00 -8.7301411316e-01 -4.8769494381e-01 -8.7815300373e-01
2.6352899336e+00 -8.7454346638e-01 -4.8494713672e-01 -8.7968668490e-01
2.6384346710e+00 -8.7606417092e-01 -4.8219453380e-01 -8.8121170901e-01
2.6415794084e+00 -8.7757621174e-01 -4.7943716229e-01 -8.8272806022e-01
2.6447241458e+00 -8.7907957389e-01 -4.7667504945e-01 -8.8423572280e-01
2.6478688832e+00 -8.8057424250e-01 -4.7390822259e-01 -8.8573468105e-01
2.6510136206e+00 -8.8206020279e-01 -4.7113670908e-01 -8.8722491937e-01
2.6541583580e+00 -8.8353744007e-01 -4.6836053633e-01 -8.8870642225e-01
2.6573030954e+00 -8.8500593972e-01 -4.6557973179e-01 -8.9017917421e-01
2.6604478328e+00 -8.8646568723e-01 -4.6279432297e-01 -8.9164315990e-01
2.6635925702e+00 -8.8791666815e-01 -4.6000433740e-01 -8.9309836400e-01
2.6667373076e+00 -8.8935886814e-01 -4.5720980268e-01 -8.9454477129e-01
2.6698820449e+00 -8.9079227293e-01 -4.5441074644e-01 -8.9598236664e-01
2.6730267823e+00 -8.9221686836e-01 -4.5160719638e-01 -8.9741113497e-01
2.6761715197e+00 -8.9363264032e-01 -4.4879918020e-01 -8.9883106130e-01
2.6793162571e+00 -8.9503957483e-01 -4.4598672569e-01 -9.0024213071e-01
2.6824609945e+00 -8.9643765796e-01 -4.4316986064e-01 -9.0164432839e-01
2.6856057319e+00 -8.9782687590e-01 -4.4034861293e-01 -9.0303763959e-01
2.6887504693e+00 -8.9920721490e-01 -4.3752301046e-01 -9.0442204964e-01
2.6918952067e+00 -9.0057866130e-01 -4.3469308115e-01 -9.0579754396e-01
2.6950399441e+00 -9.0194120156e-01 -4.3185885301e-01 -9.0716410805e-01
2.6981846815e+00 -9.0329482219e-01 -4.2902035406e-01 -9.0852172750e-01
2.7013294189e+00 -9.0463950981e-01 -4.2617761237e-01 -9.0987038797e-01
2.7044741562e+00 -9.0597525112e-01 -4.2333065606e-01 -9.1121007522e-01
2.7076188936e+00 -9.0730203291e-01 -4.2047951327e-01 -9.1254077509e-01
2.7107636310e+00 -9.0861984206e-01 -4.1762421221e-01 -9.1386247350e-01
2.7139083684e+00 -9.0992866553e-01 -4.1476478111e-01 -9.1517515647e-01
2.7170531058e+00 -9.1122849039e-01 -4.1190124824e-01 -9.1647881009e-01
2.7201978432e+00 -9.1251930377e-01 -4.0903364194e-01 -9.1777342056e-01
2.7233425806e+00 -9.1380109292e-01 -4.0616199055e-01 -9.1905897414e-01
2.7264873180e+00 -9.1507384516e-01 -4.0328632248e-01 -9.2033545722e-01
2.7296320554e+00 -9.1633754790e-01 -4.0040666617e-01 -9.2160285624e-01
2.7327767928e+00 -9.1759218864e-01 -3.9752305008e-01 -9.2286115776e-01
2.7359215302e+00 -9.1883775498e-01 -3.9463550275e-01 -9.2411034841e-01
2.7390662675e+00 -9.2007423459e-01 -3.9174405272e-01 -9.2535041494e-01
2.7422110049e+00 -9.2130161526e-01 -3.8884872859e-01 -9.2658134416e-01
2.7453557423e+00 -9.2251988483e-01 -3.8594955900e-01 -9.2780312301e-01
2.7485004797e+00 -9.2372903127e-01 -3.8304657260e-01 -9.2901573849e-01
2.7516452171e+00 -9.2492904262e-01 -3.8013979812e-01 -9.3021917772e-01
2.7547899545e+00 -9.2611990701e-01 -3.7722926430e-01 -9.3141342790e-01
2.7579346919e+00 -9.2730161265e-01 -3.7431499992e-01 -9.3259847636e-01
2.7610794293e+00 -9.2847414788e-01 -3.7139703381e-01 -9.3377431048e-01
2.7642241667e+00 -9.2963750108e-01 -3.6847539481e-01 -9.3494091779e-01
2.7673689041e+00 -9.3079166076e-01 -3.6555011183e-01 -9.3609828587e-01
2.7705136415e+00 -9.3193661550e-01 -3.6262121378e-01 -9.3724640243e-01
2.7736583788e+00 -9.3307235398e-01 -3.5968872964e-01 -9.3838525529e-01
2.7768031162e+00 -9.3419886497e-01 -3.5675268841e-01 -9.3951483234e-01
2.7799478536e+00 -9.3531613732e-01 -3.5381311913e-01 -9.4063512161e-01
2.7830925910e+00 -9.3642415999e-01 -3.5087005085e-01 -9.4174611120e-01
2.7862373284e+00 -9.3752292202e-01 -3.4792351269e-01 -9.4284778934e-01
2.7893820658e+00 -9.3861241254e-01 -3.4497353379e-01 -9.4394014435e-01
2.7925268032e+00 -9.3969262079e-01 -3.4202014333e-01 -9.4502316467e-01
2.7956715406e+00 -9.4076353606e-01 -3.3906337049e-01 -9.4609683884e-01
2.7988162780e+00 -9.4182514779e-01 -3.3610324454e-01 -9.4716115551e-01
2.8019610154e+00 -9.4287744546e-01 -3.3313979474e-01 -9.4821610342e-01
2.8051057528e+00 -9.4392041867e-01 -3.3017305040e-01 -9.4926167147e-01
2.8082504901e+00 -9.4495405711e-01 -3.2720304086e-01 -9.5029784861e-01
2.8113952275e+00 -9.4597835056e-01 -3.2422979548e-01 -9.5132462395e-01
2.8145399649e+00 -9.4699328887e-01 -3.2125334368e-01 -9.5234198668e-01
2.8176847023e+00 -9.4799886203e-01 -3.1827371489e-01 -9.5334992612e-01
2.8208294397e+00 -9.4899506008e-01 -3.1529093858e-01 -9.5434843171e-01
2.8239741771e+00 -9.4998187317e-01 -3.1230504423e-01 -9.5533749299e-01
2.8271189145e+00 -9.5095929154e-01 -3.0931606139e-01 -9.5631709963e-01
2.8302636519e+00 -9.5192730553e-01 -3.0632401961e-01 -9.5728724140e-01
2.8334083893e+00 -9.5288590556e-01 -3.0332894847e-01 -9.5824790821e-01
2.8365531267e+00 -9.5383508216e-01 -3.0033087761e-01 -9.5919909007e-01
2.8396978641e+00 -9.5477482593e-01 -2.9732983667e-01 -9.6014077712e-01
2.8428426014e+00 -9.5570512758e-01 -2.9432585532e-01 -9.6107295963e-01
2.8459873388e+00 -9.5662597792e-01 -2.9131896328e-01 -9.6199562796e-01
2.8491320762e+00 -9.5753736784e-01 -2.8830919027e-01 -9.6290877263e-01
2.8522768136e+00 -9.5843928832e-01 -2.8529656607e-01 -9.6381238425e-01
2.8554215510e+00 -9.5933173044e-01 -2.8228112047e-01 -9.6470645360e-01
2.8585662884e+00 -9.6021468538e-01 -2.7926288329e-01 -9.6559097153e-01
2.8617110258e+00 -9.6108814440e-01 -2.7624188438e-01 -9.6646592905e-01
2.8648557632e+00 -9.6195209888e-01 -2.7321815361e-01 -9.6733131731e-01
2.8680005006e+00 -9.6280654026e-01 -2.7019172088e-01 -9.6818712755e-01
2.8711452380e+00 -9.6365146009e-01 -2.6716261613e-01 -9.6903335116e-01
2.8742899754e+00 -9.6448685003e-01 -2.6413086932e-01 -9.6986997967e-01
2.8774347127e+00 -9.6531270180e-01 -2.6109651041e-01 -9.7069700473e-01
2.8805794501e+00 -9.6612900724e-01 -2.5805956943e-01 -9.7151441811e-01
2.8837241875e+00 -9.6693575828e-01 -2.5502007640e-01 -9.7232221174e-01
2.8868689249e+00 -9.6773294693e-01 -2.5197806139e-01 -9.7312037767e-01
2.8900136623e+00 -9.6852056533e-01 -2.4893355447e-01 -9.7390890808e-01
2.8931583997e+00 -9.6929860567e-01 -2.4588658575e-01 -9.7468779529e-01
2.8963031371e+00 -9.7006706026e-01 -2.4283718538e-01 -9.7545703176e-01
2.8994478745e+00 -9.7082592150e-01 -2.3978538350e-01 -9.7621661009e-01
2.9025926119e+00 -9.7157518189e-01 -2.3673121029e-01 -9.7696652301e-01
2.9057373493e+00 -9.7231483403e-01 -2.3367469596e-01 -9.7770676340e-01
2.9088820867e+00 -9.7304487058e-01 -2.3061587074e-01 -9.7843732427e-01
2.9120268240e+00 -9.7376528434e-01 -2.2755476488e-01 -9.7915819879e-01
2.9151715614e+00 -9.7447606818e-01 -2.2449140864e-01 -9.7986938024e-01
2.9183162988e+00 -9.7517721506e-01 -2.2142583232e-01 -9.8057086209e-01
2.9214610362e+00 -9.7586871807e-01 -2.1835806624e-01 -9.8126263791e-01
2.9246057736e+00 -9.7655057035e-01 -2.1528814075e-01 -9.8194470144e-01
2.9277505110e+00 -9.7722276517e-01 -2.1221608618e-01 -9.8261704656e-01
2.9308952484e+00 -9.7788529587e-01 -2.0914193294e-01 -9.8327966730e-01
2.9340399858e+00 -9.7853815591e-01 -2.0606571141e-01 -9.8393255784e-01
2.9371847232e+00 -9.7918133883e-01 -2.0298745203e-01 -9.8457571250e-01
2.9403294606e+00 -9.7981483827e-01 -1.9990718522e-01 -9.8520912576e-01
2.9434741980e+00 -9.8043864796e-01 -1.9682494147e-01 -9.8583279225e-01
2.9466189353e+00 -9.8105276174e-01 -1.9374075124e-01 -9.8644670675e-01
2.9497636727e+00 -9.8165717352e-01 -1.9065464503e-01 -9.8705086418e-01
2.9529084101e+00 -9.8225187734e-01 -1.8756665338e-01 -9.8764525965e-01
2.9560531475e+00 -9.8283686731e-01 -1.8447680680e-01 -9.8822988839e-01
2.9591978849e+00 -9.8341213765e-01 -1.8138513587e-01 -9.8880474580e-01
2.9623426223e+00 -9.8397768267e-01 -1.7829167116e-01 -9.8936982744e-01
2.9654873597e+00 -9.8453349677e-01 -1.7519644325e-01 -9.8992512902e-01
2.9686320971e+00 -9.8507957447e-01 -1.7209948276e-01 -9.9047064641e-01
2.9717768345e+00 -9.8561591035e-01 -1.6900082032e-01 -9.9100637565e-01
2.9749215719e+00 -9.8614249911e-01 -1.6590048657e-01 -9.9153231292e-01
2.9780663093e+00 -9.8665933555e-01 -1.6279851217e-01 -9.9204845459e-01
2.9812110466e+00 -9.8716641456e-01 -1.5969492779e-01 -9.9255479716e-01
2.9843557840e+00 -9.8766373112e-01 -1.5658976413e-01 -9.9305133733e-01
2.9875005214e+00 -9.8815128031e-01 -1.5348305190e-01 -9.9353807192e-01
2.9906452588e+00 -9.8862905731e-01 -1.5037482181e-01 -9.9401499796e-01
2.9937899962e+00 -9.8909705740e-01 -1.4726510462e-01 -9.9448211262e-01
2.9969347336e+00 -9.8955527595e-01 -1.4415393107e-01 -9.9493941324e-01
3.0000794710e+00 -9.9000370842e-01 -1.4104133192e-01 -9.9538689733e-01
3.0032242084e+00 -9.9044235039e-01 -1.3792733797e-01 -9.9582456257e-01
3.0063689458e+00 -9.9087119751e-01 -1.3481198001e-01 -9.9625240682e-01
3.0095136832e+00 -9.9129024554e-01 -1.3169528884e-01 -9.9667042808e-01
3.0126584206e+00 -9.9169949034e-01 -1.2857729528e-01 -9.9707862455e-01
3.0158031580e+00 -9.9209892786e-01 -1.2545803018e-01 -9.9747699460e-01
3.0189478953e+00 -9.9248855416e-01 -1.2233752438e-01 -9.9786553675e-01
3.0220926327e+00 -9.9286836537e-01 -1.1921580874e-01 -9.9824424972e-01
3.0252373701e+00 -9.9323835774e-01 -1.1609291413e-01 -9.9861313240e-01
3.0283821075e+00 -9.9359852762e-01 -1.1296887143e-01 -9.9897218385e-01
3.0315268449e+00 -9.9394887144e-01 -1.0984371154e-01 -9.9932140329e-01
3.0346715823e+00 -9.9428938573e-01 -1.0671746537e-01 -9.9966079015e-01
3.0378163197e+00 -9.9462006714e-01 -1.0359016383e-01 -9.9999034402e-01
3.0409610571e+00 -9.9494091238e-01 -1.0046183785e-01 -1.0003100647e+00
3.0441057945e+00 -9.9525191829e-01 -9.7332518368e-02 -1.0006199520e+00
3.0472505319e+00 -9.9555308179e-01 -9.4202236328e-02 -1.0009200063e+00
3.0503952693e+00 -9.9584439991e-01 -9.1071022687e-02 -1.0012102277e+00
3.0535400066e+00 -9.9612586975e-01 -8.7938908411e-02 -1.0014906168e+00
3.0566847440e+00 -9.9639748854e-01 -8.4805924476e-02 -1.0017611742e+00
3.0598294814e+00 -9.9665925360e-01 -8.1672101863e-02 -1.0020219008e+00
3.0629742188e+00 -9.9691116232e-01 -7.8537471566e-02 -1.0022727977e+00
3.0661189562e+00 -9.9715321223e-01 -7.5402064582e-02 -1.0025138661e+00
3.0692636936e+00 -9.9738540092e-01 -7.2265911921e-02 -1.0027451073e+00
3.0724084310e+00 -9.9760772611e-01 -6.9129044595e-02 -1.0029665231e+00
3.0755531684e+00 -9.9782018559e-01 -6.5991493627e-02 -1.0031781152e+00
3.0786979058e+00 -9.9802277726e-01 -6.2853290044e-02 -1.0033798855e+00
3.0818426432e+00 -9.9821549912e-01 -5.9714464883e-02 -1.0035718363e+00
3.0849873806e+00 -9.9839834926e-01 -5.6575049184e-02 -1.0037539699e+00
3.0881321179e+00 -9.9857132588e-01 -5.3435073993e-02 -1.0039262888e+00
3.0912768553e+00 -9.9873442726e-01 -5.0294570363e-02 -1.0040887958e+00
3.0944215927e+00 -9.9888765179e-01 -4.7153569352e-02 -1.0042414938e+00
3.0975663301e+00 -9.9903099796e-01 -4.4012102022e-02 -1.0043843859e+00
3.1007110675e+00 -9.9916446434e-01 -4.0870199441e-02 -1.0045174755e+00
3.1038558049e+00 -9.9928804962e-01 -3.7727892679e-02 -1.0046407660e+00
3.1070005423e+00 -9.9940175258e-01 -3.4585212812e-02 -1.0047542612e+00
3.1101452797e+00 -9.9950557209e-01 -3.1442190919e-02 -1.0048579650e+00
3.1132900171e+00 -9.9959950712e-01 -2.8298858083e-02 -1.0049518813e+00
3.1164347545e+00 -9.9968355675e-01 -2.5155245389e-02 -1.0050360147e+00
3.1195794919e+00 -9.9975772014e-01 -2.2011383926e-02 -1.0051103694e+00
3.1227242292e+00 -9.9982199656e-01 -1.8867304784e-02 -1.0051749502e+00
3.1258689666e+00 -9.9987638538e-01 -1.5723039057e-02 -1.0052297621e+00
3.1290137040e+00 -9.9992088606e-01 -1.2578617839e-02 -1.0052748099e+00
3.1321584414e+00 -9.9995549815e-01 -9.4340722259e-03 -1.0053100991e+00
3.1353031788e+00 -9.9998022132e-01 -6.2894333161e-03 -1.0053356351e+00
3.1384479162e+00 -9.9999505532e-01 -3.1447322077e-03 -1.0053514236e+00
3.1415926536e+00 -1.0000000000e+00 -1.2246467991e-16 -1.0053574705e+00
