Exercise A.3 checks:
VtAV=D?: true
VDVt=A?: true
VtV=I? : true
VVt=I? : true
Lowest energy calculated: -0.499817 Hartree, exact is 0.5 Hartree
Corresponding wavefunction (r, psi):
0.02,0.00554943
0.04,0.0108791
0.06,0.0159955
0.08,0.0209051
0.1,0.025614
0.12,0.0301282
0.14,0.0344536
0.16,0.0385958
0.18,0.0425606
0.2,0.0463532
0.22,0.0499789
0.24,0.0534429
0.26,0.0567501
0.28,0.0599054
0.3,0.0629134
0.32,0.0657789
0.34,0.0685062
0.36,0.0710997
0.38,0.0735636
0.4,0.0759021
0.42,0.0781191
0.44,0.0802186
0.46,0.0822043
0.48,0.0840799
0.5,0.085849
0.52,0.087515
0.54,0.0890814
0.56,0.0905515
0.58,0.0919284
0.6,0.0932152
0.62,0.0944151
0.64,0.0955309
0.66,0.0965654
0.68,0.0975215
0.7,0.0984019
0.72,0.0992092
0.74,0.0999459
0.76,0.100615
0.78,0.101217
0.8,0.101757
0.82,0.102236
0.84,0.102655
0.86,0.103018
0.88,0.103327
0.9,0.103582
0.92,0.103787
0.94,0.103944
0.96,0.104053
0.98,0.104117
1,0.104138
1.02,0.104117
1.04,0.104057
1.06,0.103957
1.08,0.103821
1.1,0.10365
1.12,0.103444
1.14,0.103206
1.16,0.102937
1.18,0.102638
1.2,0.102311
1.22,0.101956
1.24,0.101575
1.26,0.101169
1.28,0.10074
1.3,0.100288
1.32,0.0998137
1.34,0.0993192
1.36,0.0988052
1.38,0.0982725
1.4,0.0977222
1.42,0.0971551
1.44,0.0965721
1.46,0.0959741
1.48,0.0953618
1.5,0.0947362
1.52,0.0940979
1.54,0.0934477
1.56,0.0927863
1.58,0.0921145
1.6,0.0914328
1.62,0.090742
1.64,0.0900427
1.66,0.0893354
1.68,0.0886208
1.7,0.0878994
1.72,0.0871719
1.74,0.0864386
1.76,0.0857001
1.78,0.084957
1.8,0.0842097
1.82,0.0834586
1.84,0.0827041
1.86,0.0819468
1.88,0.081187
1.9,0.0804252
1.92,0.0796616
1.94,0.0788967
1.96,0.0781308
1.98,0.0773642
2,0.0765974
2.02,0.0758305
2.04,0.0750639
2.06,0.0742979
2.08,0.0735327
2.1,0.0727687
2.12,0.072006
2.14,0.0712449
2.16,0.0704857
2.18,0.0697286
2.2,0.0689738
2.22,0.0682215
2.24,0.0674719
2.26,0.0667251
2.28,0.0659814
2.3,0.065241
2.32,0.0645039
2.34,0.0637704
2.36,0.0630406
2.38,0.0623146
2.4,0.0615926
2.42,0.0608747
2.44,0.060161
2.46,0.0594516
2.48,0.0587467
2.5,0.0580463
2.52,0.0573506
2.54,0.0566595
2.56,0.0559733
2.58,0.055292
2.6,0.0546156
2.62,0.0539443
2.64,0.0532781
2.66,0.052617
2.68,0.0519611
2.7,0.0513105
2.72,0.0506653
2.74,0.0500254
2.76,0.0493908
2.78,0.0487617
2.8,0.0481381
2.82,0.04752
2.84,0.0469074
2.86,0.0463003
2.88,0.0456988
2.9,0.0451029
2.92,0.0445125
2.94,0.0439278
2.96,0.0433487
2.98,0.0427752
3,0.0422073
3.02,0.041645
3.04,0.0410884
3.06,0.0405374
3.08,0.039992
3.1,0.0394522
3.12,0.0389179
3.14,0.0383893
3.16,0.0378662
3.18,0.0373487
3.2,0.0368368
3.22,0.0363303
3.24,0.0358294
3.26,0.0353339
3.28,0.0348439
3.3,0.0343593
3.32,0.0338801
3.34,0.0334064
3.36,0.0329379
3.38,0.0324748
3.4,0.032017
3.42,0.0315645
3.44,0.0311172
3.46,0.0306751
3.48,0.0302382
3.5,0.0298064
3.52,0.0293797
3.54,0.0289581
3.56,0.0285416
3.58,0.02813
3.6,0.0277234
3.62,0.0273217
3.64,0.0269249
3.66,0.026533
3.68,0.0261458
3.7,0.0257634
3.72,0.0253858
3.74,0.0250129
3.76,0.0246446
3.78,0.0242809
3.8,0.0239218
3.82,0.0235672
3.84,0.0232171
3.86,0.0228714
3.88,0.0225302
3.9,0.0221933
3.92,0.0218608
3.94,0.0215325
3.96,0.0212084
3.98,0.0208886
4,0.0205729
4.02,0.0202613
4.04,0.0199538
4.06,0.0196503
4.08,0.0193508
4.1,0.0190553
4.12,0.0187636
4.14,0.0184758
4.16,0.0181918
4.18,0.0179116
4.2,0.0176352
4.22,0.0173624
4.24,0.0170933
4.26,0.0168277
4.28,0.0165658
4.3,0.0163074
4.32,0.0160525
4.34,0.015801
4.36,0.0155529
4.38,0.0153082
4.4,0.0150668
4.42,0.0148287
4.44,0.0145938
4.46,0.0143622
4.48,0.0141337
4.5,0.0139083
4.52,0.013686
4.54,0.0134668
4.56,0.0132506
4.58,0.0130374
4.6,0.0128271
4.62,0.0126197
4.64,0.0124151
4.66,0.0122134
4.68,0.0120145
4.7,0.0118183
4.72,0.0116248
4.74,0.011434
4.76,0.0112459
4.78,0.0110603
4.8,0.0108774
4.82,0.0106969
4.84,0.010519
4.86,0.0103436
4.88,0.0101705
4.9,0.00999989
4.92,0.00983162
4.94,0.00966569
4.96,0.00950206
4.98,0.00934069
5,0.00918156
5.02,0.00902463
5.04,0.00886988
5.06,0.00871726
5.08,0.00856674
5.1,0.00841831
5.12,0.00827192
5.14,0.00812754
5.16,0.00798515
5.18,0.00784471
5.2,0.0077062
5.22,0.00756959
5.24,0.00743484
5.26,0.00730193
5.28,0.00717083
5.3,0.00704151
5.32,0.00691394
5.34,0.0067881
5.36,0.00666395
5.38,0.00654147
5.4,0.00642064
5.42,0.00630142
5.44,0.0061838
5.46,0.00606773
5.48,0.00595321
5.5,0.00584019
5.52,0.00572866
5.54,0.00561859
5.56,0.00550996
5.58,0.00540273
5.6,0.0052969
5.62,0.00519242
5.64,0.00508928
5.66,0.00498745
5.68,0.00488692
5.7,0.00478764
5.72,0.00468962
5.74,0.00459281
5.76,0.00449719
5.78,0.00440275
5.8,0.00430946
5.82,0.0042173
5.84,0.00412625
5.86,0.00403628
5.88,0.00394738
5.9,0.00385951
5.92,0.00377267
5.94,0.00368682
5.96,0.00360195
5.98,0.00351804
6,0.00343506
6.02,0.00335301
6.04,0.00327184
6.06,0.00319155
6.08,0.00311212
6.1,0.00303352
6.12,0.00295573
6.14,0.00287874
6.16,0.00280253
6.18,0.00272707
6.2,0.00265235
6.22,0.00257835
6.24,0.00250505
6.26,0.00243243
6.28,0.00236047
6.3,0.00228915
6.32,0.00221846
6.34,0.00214837
6.36,0.00207888
6.38,0.00200995
6.4,0.00194157
6.42,0.00187373
6.44,0.0018064
6.46,0.00173957
6.48,0.00167322
6.5,0.00160734
6.52,0.0015419
6.54,0.00147688
6.56,0.00141228
6.58,0.00134807
6.6,0.00128423
6.62,0.00122075
6.64,0.00115761
6.66,0.0010948
6.68,0.00103229
6.7,0.000970069
6.72,0.000908122
6.74,0.00084643
6.76,0.000784975
6.78,0.000723742
6.8,0.000662712
6.82,0.00060187
6.84,0.000541198
6.86,0.000480679
6.88,0.000420296
6.9,0.000360032
6.92,0.00029987
6.94,0.000239794
6.96,0.000179785
6.98,0.000119828
7,5.99057e-05
